73561
88130
152636
200255
219702
274495
652963
652964
681281
1520332
1758690
2170044
2170045
2170046
2170047
2170048
2170049
2170050
2584980
2584981
2684264
2765860
2822942
2905617
2933181
2966369
2976692
2980626
2983926
2983927
2983928
2983929
2983930
2983931
2983932
2983933
2983934
2983935
2983936
2983937
2983938
2983939
2983940
2983941
2983942
2983943
2983944
2983945
2983946
2983947
2983948
2983949
2983950
2983951
2983952
2983953
2983954
2983955
2983956
2983957
2983958
2983959
2983960
2983961
2983962
2983963
2983964
2983965
2983966
3014792
3032467
3067818
3068443
3068444
3068456
3068469
3077431
3234008
3234009
3234010
3234101
3234102
3234103
3234104
3234105
3234106
3349098
3371274
3372914
3380798
3382659
3395899
3395900
3401100
3431235
3451419
3451420
