12456
12701
35300
35740
35741
37130
38950
43358
70793
178530
246343
290849
298903
336959
336960
336961
336962
352474
352926
364370
493796
493797
493798
493799
493800
493801
493802
526119
526120
544801
544802
548468
566308
568715
570173
622438
626155
626156
626157
626158
626159
626160
626161
626162
626163
626164
626165
626166
626167
626168
626169
626170
626171
626172
626173
626174
626175
626176
626177
626178
626179
626180
626181
626182
626183
626184
626185
626186
626187
626188
626189
626190
626191
626192
626193
626194
626195
626196
626197
626198
627519
627520
627521
627522
627523
627524
627525
627526
627527
627528
627529
627530
627531
627532
627533
627534
627535
627536
627537
627538
627539
627540
627541
627542
627543
627544
627545
627546
627547
627548
627549
627550
627551
627552
627553
627554
627555
627556
627557
627558
627559
627560
627561
627562
627563
627564
627565
627566
627567
627568
627569
627570
627571
627572
627573
627574
627575
627576
627577
627578
627579
627580
627581
627582
627583
627584
627585
627586
627587
627588
632743
640327
645425
645426
645427
645428
645429
645687
652811
652812
652813
652814
652815
652816
652817
652818
652819
652820
658667
682382
682383
682384
683172
683173
683174
707882
746108
746109
746110
746111
764592
767521
795383
858367
858505
858506
858507
858508
858509
858510
861196
861197
862242
871260
886262
905828
906906
906907
906908
906909
906910
906911
906912
906913
909307
909308
909668
927261
928291
928292
934421
934422
934423
934424
934425
934426
934427
934428
934429
934430
934431
934432
934433
934434
934435
934436
934437
934438
934439
934440
934441
934442
942166
942167
942168
942169
942170
942171
942172
942173
942174
942175
942176
942177
942178
942179
942180
942181
943153
943154
943155
943156
943157
943158
943159
943160
943161
943162
996614
996615
996616
996617
996618
996619
996620
996621
1003449
1004160
1004161
1004162
1004163
1004164
1027244
1027245
1027246
1027247
1027248
1027366
1027367
1028763
1035094
1046308
1046311
1048436
1073951
1073952
1073953
1073954
1073955
1073956
1073957
1073958
1074210
1077307
1085534
1089360
1093928
1105348
1105378
1105379
1125584
1131333
1131334
1137931
1141625
1157338
1161132
1166568
1176481
1177045
1177046
1177047
1186059
1195280
1195281
1195282
1195283
1195284
1195285
1195286
1195287
1195288
1195289
1195290
1195291
1195292
1195368
1195369
1195375
1228013
1239437
1239438
1239439
1239441
1239565
1239566
1239567
1239568
1239569
1239570
1239571
1239572
1239573
1239574
1239575
1239576
1239577
1239578
1239579
1239580
1239581
1239582
1239583
1247113
1247114
1247841
1254425
1274605
1274606
1274607
1274608
1274609
1274610
1274611
1274612
1274613
1274614
1274615
1293419
1293420
1293421
1293422
1315224
1315225
1328054
1328104
1329678
1344561
1344564
1348066
1348859
1349999
1354735
1389204
1403194
1403195
1403196
1403197
1403198
1403199
1403200
1413815
1435485
1495051
1511627
1511628
1511629
1511630
1511631
1511632
1511633
1511634
1516078
1517684
1518574
1518575
1522059
1523957
1523958
1523959
1523960
1523961
1523962
1523963
1523964
1523965
1523966
1523967
1523968
1523969
1523970
1523971
1523972
1523973
1523974
1523975
1523976
1523977
1523978
1523979
1523980
1523981
1523982
1523983
1523984
1523985
1523986
1523987
1523988
1523989
1523990
1523991
1523992
1523993
1523994
1523995
1523996
1523997
1523998
1523999
1524000
1524001
1524002
1524003
1524004
1524005
1524006
1524007
1524008
1524009
1524010
1524011
1524012
1524013
1524014
1524015
1524016
1524017
1524018
1524019
1524020
1524021
1524022
1524023
1524024
1524025
1524026
1524027
1524028
1524029
1524030
1524031
1524032
1524033
1524034
1524035
1524036
1524037
1524038
1524039
1524040
1524041
1524042
1524043
1524044
1524045
1524046
1524047
1524048
1524049
1524050
1524051
1524052
1524053
1524054
1524055
1524056
1524057
1524058
1524059
1524060
1524061
1524062
1524063
1524064
1524065
1524066
1538452
1559735
1562563
1566335
1570321
1586002
1602211
1603563
1603564
1604873
1609130
1609131
1609138
1659650
1662272
1671381
1671382
1697918
1717145
1717146
1717147
1717148
1717149
1717150
1717151
1717152
1717153
1717154
1717155
1736109
1746079
1746080
1746081
1746082
1747667
1748291
1748292
1748293
1752874
1792584
1792585
1803388
1803389
1803390
1803391
1803392
1803393
1803394
1868658
1881636
1897654
1899317
1906170
1906171
1906172
1906173
1906174
1906175
1906176
1906177
1906178
1912147
1914440
1914442
1961665
1961666
1966685
2017722
2017723
2021209
2021417
2025396
2025397
2025398
2039491
2039492
2050009
2053898
2093375
2093376
2108207
2108208
2116114
2116115
2116117
2116118
2116119
2116120
2116121
2116122
2116123
2116124
2116125
2116126
2116127
2116129
2116130
2116131
2116132
2116133
2116134
2116135
2116136
2116137
2116138
2116139
2116140
2116141
2116142
2116143
2116144
2116145
2116146
2116147
2116148
2116151
2116152
2116153
2116327
2116328
2116329
2116330
2116331
2116332
2116334
2116414
2116415
2116416
2116417
2116418
2116419
2116420
2116422
2116424
2126056
2161797
2161798
2161799
2161800
2161801
2161802
2169486
2171379
2171380
2220003
2304505
2461425
2486206
2486207
2486208
2529473
2559931
2559932
2559933
2559934
2559935
2559936
2559937
2559938
2559939
2565393
2565896
2576226
2576227
2576228
2576229
2585114
2588662
2592511
2592512
2598085
2598086
2598087
2598088
2598089
2661902
2707004
2716125
2730967
2740136
2748373
2749864
2762500
2766746
2766747
2774221
2776960
2776961
2776962
2792599
2792600
2794572
2794618
2794928
2795015
2795016
2795017
2796356
2798286
2798290
2803565
2804315
2809168
2810457
2811193
2813182
2813188
2813196
2813202
2824596
2824597
2824598
2829102
2830711
2830722
2830723
2832253
2832254
2835564
2840000
2848847
2848848
2870633
2871641
2871642
2874446
2878091
2879580
2902639
2905610
2910303
2913422
2915135
2917170
2917171
2917172
2917173
2917174
2917175
2917176
2917177
2917178
2917188
2917189
2917190
2917191
2919011
2919012
2919013
2919014
2920406
2920407
2920408
2920409
2920410
2920411
2920412
2920413
2920414
2920415
2920416
2920417
2920418
2920419
2920420
2920421
2920422
2920423
2920424
2920425
2920426
2920427
2920429
2920430
2920431
2920432
2920433
2920434
2920435
2920436
2920437
2920438
2920439
2920440
2920441
2920442
2920443
2920486
2920487
2920488
2920489
2925883
2926577
2926578
2926579
2926580
2933218
2933219
2933220
2933221
2933222
2933223
2933224
2933225
2933226
2936949
2936950
2936979
2940937
2940938
2940939
2940940
2940941
2940942
2940943
2940944
2940945
2940946
2940947
2940948
2940949
2940950
2940951
2940952
2940953
2940954
2940955
2940956
2940957
2940958
2940959
2940960
2940961
2940962
2940963
2940964
2940965
2942126
2951502
2951503
2951504
2951505
2951506
2951507
2951508
2961776
2970315
2971768
2976362
2979766
2986120
2996188
3003849
3003850
3003851
3003852
3003853
3003854
3003855
3003856
3003857
3020203
3020204
3020205
3020206
3020207
3024426
3028503
3028508
3037808
3038397
3038398
3038399
3038400
3038401
3038402
3038403
3038404
3038405
3038406
3038573
3044602
3064109
3064113
3065020
3065021
3065022
3065023
3065024
3065025
3065026
3065027
3065028
3065029
3067158
3067159
3067160
3067161
3067162
3067163
3067164
3067165
3067166
3067167
3067168
3067169
3067170
3067171
3067172
3067173
3077470
3077471
3077472
3077473
3077474
3077475
3077476
3077477
3077478
3077479
3077480
3077481
3077482
3077483
3077484
3077485
3077486
3077487
3077488
3077489
3077490
3077491
3077492
3077493
3077494
3077495
3077496
3077497
3077498
3077499
3077500
3077501
3077502
3077503
3077504
3077536
3077537
3079711
3095301
3108885
3116017
3127196
3127197
3128425
3129319
3129339
3129341
3129505
3129520
3129561
3129569
3129656
3129711
3129821
3129855
3129856
3130388
3130457
3130490
3130541
3130637
3130823
3130870
3130889
3130982
3131072
3131074
3131082
3131288
3131317
3131319
3131355
3131391
3131604
3131613
3131651
3131658
3131677
3131719
3131736
3131751
3131788
3131793
3131798
3131837
3131850
3131861
3131875
3131896
3131900
3131910
3138839
3138840
3139461
3139551
3141853
3141857
3141863
3141879
3141885
3141890
3141900
3141947
3141951
3156495
3156498
3156502
3156503
3156505
3240677
3242737
3242817
3347181
3347182
3347183
3347184
3347185
3347186
3347187
3347188
3347189
3347190
3347191
3347192
3347193
3347194
3347195
3347196
3347197
3349301
3349309
3386095
3386096
3386097
3386098
3386099
3386119
3386120
3386192
3390764
3390767
3400663
3400665
3400669
3411705
3413222
3426505
3426506
3426507
3430624
3430625
3430626
3430627
3430628
3430629
3430630
3430631
3430632
3430633
3430634
3430635
3430636
3430637
3430638
3430639
3430640
3430641
3430642
3434963
3462434
