2786001
2786003
2786031
2786065
2786074
2786081
2786083
2786100
2786102
2786111
2786119
2786133
2786135
2786137
2786138
2786140
2786145
2786157
2786159
2786183
2786185
2786225
2786234
2786250
2786253
2786255
2786272
2786276
2786281
2786301
2786310
2786329
2786338
2786363
2786387
2786395
2786396
2786400
2786407
2786418
2786422
2786423
2786439
2786440
2786447
2786459
2786467
2786468
2786476
2786484
2786493
2786520
2786529
2786538
2786539
2786547
2786553
2786612
2786618
2786619
2786631
2786642
2786643
2786659
2786663
2786671
2786680
2786696
2786707
2786718
2786725
2786726
2786732
2786733
2786734
2786735
2786738
2786742
2786743
2786744
2786753
2786769
2786779
2786787
2786806
2786816
2786818
2786819
2786825
2786831
2786849
2843691
2843701
2843702
2843718
2843795
2843796
2843849
2843854
2843855
2843904
2843940
2843946
2843949
2844090
2844105
2844106
2844107
2844284
2844657
2844820
2844822
2844835
2844979
2844983
2844994
2844995
2844996
2844997
2844998
2844999
2845003
2845018
2845021
2845059
2845064
2845069
2845118
2845119
2845482
2845491
2845492
2845493
2845494
2845495
2845525
2845526
2845527
2845528
2845529
2845556
2845617
2845631
2845638
2845673
2845676
2845681
2845751
2845844
2845845
2845846
2845868
2845869
2845978
2846017
2846018
2846019
2846020
2846021
2846022
2846029
2846030
2846031
2846032
2846033
2846034
2846035
2846036
2846166
2846171
2846172
2846216
2846409
2846410
2846580
2846621
2846624
2846662
2846669
2846676
2846683
2846684
2852963
2970316
2970317
2970318
3028991
3028992
3028993
3028994
3425955
3426011
3426012
3426013
3426014
3426015
3426016
3426077
3426078
3426079
3426080
3426081
3426082
3426083
3426328
3426403
3426482
3426483
3426487
3426504
3426597
3426598
3426599
3426614
3426621
3426652
3427482
3427483
3427491
3427492
3427606
3427631
3427819
3428100
3428101
3428102
3428103
3428788
3429881
3430898
3430899
3430900
3430901
3430902
3430903
3431673
3431674
3433301
