2785987
2785988
2785990
2785992
2786008
2786062
2786267
2786270
2786355
2786404
2786424
2786425
2786426
2786469
2786503
2786507
2786530
2786561
2786565
2786576
2786587
2786598
2786601
2786602
2786603
2786644
2786645
2786650
2786651
2786681
2786682
2786694
2786695
2786719
2786765
2843658
2843864
2843925
2843939
2844053
2844069
2844070
2844269
2844650
2844819
2845024
2845037
2845038
2845058
2845062
2845114
2845115
2845116
2845519
2845534
2845573
2845671
2845672
2845694
2845728
2845729
2845730
2845752
2846065
2846177
2846208
2846210
2846446
2846451
2846622
2846678
2848091
2852243
2852541
2852615
2852636
2852743
2852784
2852852
2852967
2853032
3022105
3022106
3427600
3429287
3431554
3431901
3432614
