186786
544686
561576
652838
1629669
1629670
1708387
1708389
1708390
1719263
1719264
1858671
1872719
2086648
2231773
2231774
2291940
2291941
2291942
2291943
2291944
2485924
2490825
2501288
2560351
2560575
2560704
2560744
2560745
2560774
2560775
2565392
2587553
2587554
2587555
2587556
2587557
2587558
2587559
2587560
2587561
2587562
2587563
2587564
2587565
2592713
2592714
2592715
2592716
2592717
2592718
2592719
2592720
2592721
2592722
2592723
2593998
2599428
2599429
2599430
2599431
2599960
2600101
2601608
2686476
2686477
2686478
2686479
2686480
2686481
2686482
2686483
2686484
2686485
2686486
2686487
2686488
2686489
2686490
2686491
2686492
2686493
2686494
2686495
2686496
2686497
2686498
2686499
2686500
2686501
2686502
2686503
2686504
2686505
2686506
2686507
2686508
2686509
2686510
2686511
2686512
2686513
2686514
2686515
2686516
2686517
2686518
2686519
2686520
2686521
2686522
2686523
2686524
2686525
2686526
2686527
2686528
2686529
2686530
2686531
2686532
2686533
2686534
2686535
2686536
2686537
2686538
2686539
2686540
2686541
2686542
2686543
2686544
2686545
2686546
2686547
2686548
2686549
2686550
2686551
2686552
2686553
2686554
2686555
2686556
2686557
2686558
2686559
2686560
2686561
2686562
2686563
2686564
2686565
2686566
2689557
2689558
2689559
2689560
2689561
2689562
2689563
2689564
2689565
2689566
2689567
2689985
2697494
2704958
2704959
2709318
2709319
2709320
2714180
2718722
2719805
2719806
2719867
2719868
2719869
2735943
2735944
2735945
2735946
2735947
2735948
2735949
2735950
2735951
2735952
2735953
2735954
2735955
2735956
2735957
2735958
2735959
2740122
2741643
2741644
2741645
2741646
2741761
2741762
2741763
2741764
2741765
2741766
2741767
2741768
2741769
2741770
2741771
2741772
2741773
2741774
2741775
2741776
2741777
2741778
2741779
2741780
2741781
2741782
2741783
2741784
2741785
2741786
2741787
2741788
2741789
2741790
2741791
2741792
2741793
2741794
2741795
2741796
2741797
2741798
2741799
2741800
2741801
2741802
2741803
2741804
2741805
2741806
2741807
2741808
2741809
2741810
2741811
2741812
2741813
2741814
2741815
2741816
2741817
2741818
2741819
2741820
2741821
2741822
2741823
2741824
2741825
2741826
2741827
2741828
2741829
2741830
2741831
2741832
2741833
2741834
2741835
2741836
2741837
2741838
2741839
2741840
2741841
2741842
2741843
2741844
2741845
2741846
2741847
2741848
2741849
2741850
2741851
2741852
2741853
2741854
2741855
2741856
2741857
2741858
2741859
2741860
2741861
2741862
2741863
2741864
2741865
2741866
2741867
2741868
2741869
2741870
2741871
2741872
2741873
2741874
2741875
2741876
2741877
2741878
2741879
2747486
2747492
2750811
2755482
2755483
2755484
2769355
2769356
2777091
2778988
2778989
2788550
2789855
2794960
2801043
2801044
2805492
2808997
2809208
2809544
2814345
2814346
2814347
2814348
2814350
2814351
2814352
2814353
2816839
2816840
2818414
2822899
2822900
2822901
2822902
2822903
2822904
2822905
2822906
2822907
2822908
2822909
2827437
2827438
2838330
2843642
2843742
2843961
2843962
2843963
2843964
2843999
2844153
2844155
2844156
2845557
2845675
2845795
2845796
2845805
2845806
2845807
2845834
2845835
2846014
2846015
2846016
2846057
2846163
2846164
2848417
2849701
2849702
2852676
2864383
2867099
2871716
2871721
2874026
2875496
2879897
2879898
2879899
2879900
2879901
2879902
2880276
2880277
2880278
2894775
2903054
2903055
2904972
2909736
2912894
2912895
2921210
2921211
2923329
2923330
2923333
2928873
2928874
2932871
2932872
2933260
2933743
2933744
2937980
2940927
2940928
2940929
2946719
2950453
2950842
2950855
2950856
2955432
2955433
2955434
2955435
2955436
2955437
2955438
2955439
2955476
2955477
2955478
2955479
2955480
2955481
2955482
2955483
2955484
2955485
2955486
2955487
2955488
2955489
2955516
2955517
2955518
2955519
2955520
2955521
2955522
2955523
2955524
2955525
2955526
2955527
2955528
2955529
2955530
2955747
2955748
2955749
2955871
2955940
2955941
2956149
2956150
2956151
2956152
2956153
2956154
2956155
2956156
2956157
2956158
2956159
2956160
2956161
2956162
2956163
2956164
2956165
2956166
2956167
2956168
2956169
2956170
2956171
2956172
2956173
2956174
2956175
2956176
2956177
2956178
2956284
2956285
2956286
2956287
2956288
2956289
2956290
2956291
2956292
2956293
2956294
2956295
2956296
2956297
2956368
2956369
2956370
2956405
2956406
2956407
2956408
2956409
2956410
2956411
2956412
2956413
2956414
2956415
2956416
2956417
2956418
2956419
2956420
2956421
2956422
2956423
2959898
2959899
2964625
2964626
2964627
2964628
2964629
2964630
2964631
2964632
2964633
2964634
2964635
2964636
2970146
2970147
2970148
2970172
2970173
2970174
2970175
2970176
2970177
2970181
2970182
2970183
2970184
2970185
2970186
2970187
2970188
2970189
2970190
2970191
2970192
2970193
2970194
2970195
2970196
2970197
2970198
2970199
2970200
2970212
2970213
2970214
2970215
2970216
2971951
2971952
2971953
2971954
2971955
2971956
2971957
2971958
2971959
2971960
2971961
2971962
2971963
2971964
2971965
2971966
2972041
2972042
2972043
2972044
2972045
2972046
2972047
2972048
2972049
2972050
2972051
2972052
2972053
2972054
2972055
2972056
2972057
2972058
2972059
2972060
2972061
2972062
2972063
2972064
2972065
2972066
2972067
2972068
2972069
2972070
2972071
2972072
2972073
2972074
2972075
2972076
2972077
2972078
2972079
2972080
2972081
2972082
2972083
2973094
2973095
2973096
2973838
2975235
2975236
2975237
2975241
2982030
2985692
2985693
2992276
2992277
2992852
2992854
3014660
3022107
3022108
3022109
3034916
3036369
3038611
3038612
3038613
3038614
3041029
3047149
3049743
3057100
3059019
3059020
3059776
3059790
3059791
3059792
3059991
3060015
3060178
3060179
3060180
3060181
3060182
3060537
3060538
3060688
3060689
3066442
3066443
3066444
3066445
3066446
3066447
3066448
3066449
3066450
3066451
3066452
3066453
3066454
3066455
3066456
3066457
3066458
3066459
3066460
3066461
3066462
3066463
3066464
3066465
3066466
3066467
3066468
3066469
3066470
3066471
3066472
3066473
3066474
3066475
3066476
3066477
3066478
3066479
3066480
3066481
3066482
3066483
3066484
3066485
3066486
3066487
3066488
3066489
3066490
3066491
3066492
3066493
3066494
3066495
3066496
3066497
3066498
3066499
3066500
3066501
3066502
3066503
3066504
3066505
3066506
3066507
3066508
3066509
3066510
3066511
3066512
3066513
3066514
3066515
3066516
3066517
3066518
3066519
3066520
3066521
3066522
3066523
3066524
3066525
3066526
3066527
3066528
3066529
3066530
3066531
3066532
3066533
3066534
3066535
3066536
3066537
3066538
3066539
3066540
3066541
3066542
3066543
3066544
3066545
3066546
3066547
3066548
3066549
3066550
3066551
3066552
3066553
3066554
3066555
3066556
3066557
3066558
3066559
3066560
3066561
3066562
3066563
3066564
3066565
3066566
3066567
3066568
3066569
3066570
3066571
3066572
3066573
3066574
3066575
3066576
3066577
3066578
3066579
3066580
3066581
3066582
3066583
3066584
3066585
3066586
3066587
3066588
3066589
3066590
3066591
3066592
3066593
3066594
3066595
3066596
3066597
3066598
3066599
3066600
3066601
3066602
3066603
3066604
3066605
3066606
3066607
3066608
3066609
3066610
3066611
3066612
3066613
3066614
3066615
3066616
3066617
3066618
3066619
3066620
3066621
3066622
3066623
3066624
3066625
3066626
3066627
3066628
3066629
3066630
3066631
3066632
3066633
3066634
3066635
3066636
3066637
3066638
3066639
3066640
3066641
3066642
3066643
3066644
3066645
3066646
3066647
3066648
3066649
3066650
3066651
3066652
3066653
3066654
3066655
3066656
3066657
3066658
3066659
3066660
3066661
3066662
3066663
3066664
3066665
3066666
3066667
3066668
3066669
3066670
3066671
3066672
3066673
3066674
3066675
3066676
3066677
3066678
3066679
3066680
3066681
3066682
3066683
3066684
3066685
3066686
3066687
3066688
3066689
3066690
3066691
3066692
3066693
3066694
3066695
3066696
3066697
3066698
3066699
3066700
3066701
3066702
3066703
3066704
3066705
3066706
3066707
3066708
3066709
3066710
3066711
3066712
3066713
3066714
3066715
3066716
3066717
3066718
3066719
3066720
3066721
3066722
3066723
3066724
3066725
3066726
3066727
3066728
3066729
3066730
3066731
3066732
3066733
3066734
3066735
3066736
3066737
3066738
3066739
3066740
3066741
3066742
3066743
3066744
3066745
3066746
3066747
3066748
3066749
3066750
3066751
3066752
3066753
3066754
3066755
3066756
3066757
3066758
3066759
3066760
3066761
3066762
3066763
3066764
3066765
3066766
3066767
3066768
3066769
3066770
3066771
3066772
3066773
3066774
3066775
3066776
3066777
3066778
3066779
3066780
3066781
3066782
3066783
3066784
3066785
3066786
3066787
3066788
3066789
3066790
3066791
3066792
3066793
3066794
3066795
3066796
3066797
3066798
3066799
3066800
3066801
3066802
3066803
3066804
3066805
3066806
3066807
3066808
3066809
3066810
3066811
3066812
3066813
3066814
3066815
3066816
3066817
3066818
3066819
3066820
3066821
3066822
3066823
3066824
3066825
3066826
3066827
3066828
3066829
3066830
3066831
3066832
3066833
3066834
3066835
3066836
3066837
3066838
3066839
3066840
3066841
3066842
3067802
3067803
3067804
3070914
3074208
3075374
3075973
3077424
3077432
3079363
3079364
3081828
3082023
3111960
3111961
3111962
3111963
3111965
3111969
3129032
3129358
3129360
3129361
3129364
3129384
3129395
3129413
3129432
3129439
3129535
3129544
3129547
3129557
3129588
3129605
3129606
3129666
3129683
3129700
3129703
3129705
3129719
3129738
3129781
3129799
3129800
3129817
3129845
3129859
3129861
3129872
3129900
3129902
3129906
3129926
3129941
3129946
3129986
3129990
3130185
3130271
3130316
3130357
3130385
3130403
3130423
3130554
3131051
3131222
3131237
3131249
3131251
3131386
3131416
3131456
3131523
3131526
3131527
3131530
3131531
3131539
3131543
3131545
3131549
3131550
3131551
3131556
3131559
3131578
3131598
3131602
3131608
3131621
3131679
3131722
3131726
3131752
3131763
3131765
3131787
3131817
3131832
3131857
3131859
3135311
3148949
3148950
3162643
3229040
3229041
3229042
3233853
3233854
3234090
3234091
3234123
3234124
3234125
3234126
3237971
3239332
3239333
3344645
3344920
3344921
3347198
3347199
3347200
3347201
3347202
3347203
3347204
3347205
3347206
3347207
3347208
3347209
3347210
3347211
3347212
3347213
3347214
3347215
3347216
3347217
3347218
3347219
3347220
3347221
3347222
3347223
3347224
3347225
3347226
3347227
3347228
3347229
3347230
3347231
3347232
3347233
3347234
3347235
3347236
3347237
3347238
3347239
3347240
3347241
3347242
3347243
3347244
3347245
3347246
3347247
3347248
3347249
3347250
3347251
3347252
3347253
3347254
3347255
3347256
3347257
3347258
3347259
3347260
3347261
3347262
3347263
3347264
3347265
3347266
3347267
3347268
3347269
3347270
3347271
3347272
3347273
3347274
3347275
3347276
3347277
3347278
3347279
3347280
3347281
3347282
3347283
3347284
3347285
3347286
3347287
3347288
3347289
3347290
3347291
3347292
3347293
3347294
3347295
3347296
3347297
3347298
3347299
3347300
3347301
3347302
3347303
3347304
3347305
3347306
3347307
3347308
3347309
3347310
3347311
3347312
3347313
3347314
3347315
3347316
3347317
3347318
3347319
3347320
3347321
3347322
3347323
3347324
3347325
3347326
3347327
3347328
3347329
3347330
3347331
3347332
3347333
3347334
3347335
3347336
3347337
3347338
3347339
3347340
3347341
3347342
3347343
3347344
3347345
3347346
3347347
3347348
3347349
3347350
3366660
3366661
3366665
3371240
3371242
3371243
3371244
3371245
3371246
3371247
3371248
3371249
3371250
3371251
3371252
3371253
3371254
3371255
3371256
3371275
3371276
3371279
3371283
3372919
3373666
3373667
3376316
3380796
3396985
3399152
3399153
3399154
3399155
3399156
3399157
3399158
3399159
3399160
3399161
3399162
3399163
3399164
3399165
3399166
3399167
3399168
3399169
3399170
3399171
3399172
3399173
3399174
3399175
3399782
3399783
3399784
3420200
3427569
3427570
3427571
3427572
3430592
3430593
3430594
3430595
3430596
3430597
3430598
3430599
3431533
3431534
3431535
3431565
3431566
3431567
3431568
3431569
3431570
3431571
3431572
3431573
3431574
3431575
3432158
3432159
3432305
3432306
3432307
3432308
3432309
3446377
3448427
3448565
3453529
3454712
