10879
12413
39781
90887
90888
90889
120086
134554
161736
593131
1603039
1852644
2169857
2169858
2169859
2169860
2169861
2169862
2584979
2705461
2813172
2822590
2824281
2824282
2824283
2824284
2824285
2824286
2824287
2824288
2824289
2824290
2824291
2824292
2824293
2824294
2824295
2824296
2824297
2824298
2824299
2824300
2824301
2824302
2824303
2824304
2824305
2824306
2824307
2824310
2824311
2824312
2824313
2824314
2824315
2824316
2824317
2824318
2824319
2824320
2824321
2824322
2824323
2824324
2824325
2824326
2824327
2824328
2824329
2824330
2824331
2824332
2824333
2824334
2824335
2824590
2824591
2824592
2824593
2824594
2824595
2865760
2865761
2876922
2876923
2876924
2876925
2876926
2917704
2928686
2936548
2981625
3130406
3130489
3130501
3130530
3130934
3131096
3349101
3349102
3426098
3427160
3428199
3428559
3428905
3428906
3431282
3431283
3433608
