12136
64279
64698
66834
68876
81583
92395
92444
103442
142102
209529
294365
294369
317657
336633
336634
336635
371715
552512
568148
865617
928300
932662
1006354
1027947
1041883
1169617
1169618
1169619
1169620
1169621
1217067
1340808
1432856
1541211
1542742
1577072
1769780
1776109
1807793
1888310
1911108
1911441
1911442
1911443
1916650
1925773
1926967
1926968
1955141
1955142
1955143
1955144
1958779
1983569
2005444
2021907
2021908
2021909
2021910
2021915
2021916
2021917
2027376
2108447
2170238
2184748
2303394
2303395
2448899
2486713
2488679
2488680
2491322
2499245
2547303
2547304
2547305
2547309
2547312
2556098
2556099
2565388
2575370
2575371
2575372
2653704
2662315
2662316
2675467
2692084
2712694
2716618
2716746
2738898
2738899
2738910
2738911
2739222
2739249
2739380
2739381
2740141
2740179
2744404
2746862
2746870
2746874
2746875
2746929
2760861
2767015
2767016
2781648
2789378
2789442
2789443
2789509
2789510
2789512
2795007
2795008
2797876
2802230
2804316
2804526
2804527
2812446
2812449
2812450
2812451
2814031
2814032
2814033
2814034
2814035
2814036
2815578
2829142
2840019
2856553
2859901
2864001
2864002
2866945
2870579
2870580
2870581
2870582
2872408
2872409
2872410
2872411
2872412
2872413
2872414
2872415
2872416
2872417
2872418
2872419
2873540
2873541
2873542
2873543
2873561
2873562
2900465
2900466
2901266
2903086
2903087
2903096
2905397
2905398
2905399
2905400
2905401
2905402
2905403
2905404
2905405
2905406
2905407
2905408
2905409
2905410
2905411
2905412
2905414
2905415
2905416
2908102
2933660
2933661
2933662
2933663
2933664
2933665
2933686
2936551
2940672
2940673
2940674
2940675
2940676
2940677
2940678
2940679
2940680
2940681
2940682
2940683
2940684
2940685
2940686
2940687
2940688
2940689
2940690
2940691
2940692
2940693
2940694
2940695
2940696
2940697
2940698
2940699
2940700
2940701
2940702
2940703
2940704
2940705
2940706
2940707
2940708
2940709
2940710
2940711
2940712
2940713
2940714
2940715
2940716
2940717
2940718
2940719
2940720
2940721
2940722
2940723
2940724
2940725
2940726
2940727
2940728
2940729
2940730
2940731
2940732
2943843
2943844
2950809
2950810
2950811
2970296
2970297
2970298
2970570
2970591
2970592
2971792
2971793
2971794
2972097
2972098
2972709
2972710
2972711
2972712
2972713
2972714
2972715
2979225
2992172
2994985
3003604
3003993
3003994
3003995
3003996
3003997
3003998
3003999
3004000
3004001
3004002
3022098
3022099
3022100
3028995
3028996
3028997
3028998
3028999
3032210
3032218
3032219
3032223
3032224
3032225
3032226
3032227
3032231
3032235
3044249
3047346
3047369
3047684
3047774
3047809
3047951
3047952
3048155
3048166
3048211
3048274
3048297
3048319
3048357
3048434
3051326
3058123
3058124
3059909
3067711
3067712
3067713
3067716
3067726
3067732
3067734
3067735
3067736
3067737
3067773
3068799
3068800
3068801
3068802
3068803
3068804
3068805
3068821
3072944
3076927
3076928
3076948
3077370
3083291
3083292
3083293
3083294
3083295
3083356
3083357
3083441
3083442
3083454
3083667
3083668
3083669
3083670
3083671
3083672
3083673
3084666
3084667
3084826
3084827
3084828
3084829
3084830
3084831
3084832
3084833
3084834
3084835
3084836
3084837
3084838
3119602
3119603
3119605
3129478
3130200
3130286
3130400
3130781
3130793
3131036
3131098
3131209
3131887
3132531
3134376
3139463
3139464
3139465
3139513
3139514
3139585
3145065
3160782
3238875
3239334
3239335
3240124
3240702
3317298
3317299
3317301
3344925
3344926
3344927
3347351
3347352
3347353
3347354
3347355
3347356
3347357
3347358
3347359
3347360
3347361
3347362
3347363
3347364
3347365
3347366
3347367
3347368
3347369
3347370
3347371
3347372
3347373
3347374
3347375
3347376
3347377
3347378
3347379
3347380
3347381
3347382
3347383
3347384
3347385
3347386
3347387
3347388
3347389
3347390
3347391
3347392
3347393
3347394
3347395
3347396
3347397
3347398
3347399
3347400
3347401
3347402
3347403
3347404
3347405
3347406
3347407
3347408
3347409
3347410
3347411
3347412
3347413
3347414
3347415
3347416
3347417
3347418
3347419
3347420
3347421
3347422
3347423
3347424
3347425
3347426
3347427
3347428
3347429
3347430
3347431
3347432
3347433
3347434
3347435
3347436
3347437
3347438
3347439
3347440
3347441
3347442
3347443
3347444
3347445
3347446
3347447
3347448
3347449
3347450
3347451
3347452
3347453
3347454
3347455
3347456
3347457
3347458
3347459
3347460
3347461
3347462
3347463
3347464
3347465
3347466
3347467
3347468
3347469
3347470
3347471
3347472
3347473
3347474
3347475
3347476
3347477
3347478
3347479
3347480
3347481
3347482
3347483
3347484
3347485
3347486
3347487
3347488
3347489
3347490
3347491
3347492
3347493
3347494
3347495
3347496
3347497
3347498
3347499
3347500
3347501
3347502
3347503
3347504
3347505
3347506
3347507
3347508
3347509
3347510
3347511
3347512
3347513
3347514
3347515
3347516
3347517
3349357
3349361
3377396
3377419
3377420
3399439
3411291
3411292
3412973
3446840
3467553
