12014
12016
12017
12018
12019
12020
12021
12022
12023
12024
12026
12027
12029
12030
12031
12032
12034
12354
28308
39803
39804
74336
75725
110679
329852
329853
329860
332938
332939
332940
332942
1206300
1206313
1235640
2027243
2719535
2736513
2754851
2785983
2785984
2785985
2785986
2785989
2785991
2785993
2785994
2785995
2785996
2785997
2786002
2786004
2786005
2786006
2786010
2786012
2786015
2786023
2786024
2786030
2786047
2786048
2786053
2786054
2786055
2786056
2786059
2786063
2786068
2786071
2786072
2786073
2786087
2786089
2786090
2786098
2786099
2786101
2786107
2786109
2786110
2786112
2786113
2786122
2786139
2786144
2786151
2786152
2786161
2786162
2786170
2786171
2786173
2786180
2786181
2786182
2786184
2786199
2786202
2786204
2786210
2786211
2786215
2786218
2786227
2786232
2786233
2786240
2786242
2786244
2786246
2786251
2786252
2786259
2786268
2786278
2786280
2786282
2786290
2786292
2786296
2786299
2786302
2786308
2786313
2786315
2786317
2786320
2786332
2786334
2786336
2786352
2786354
2786366
2786371
2786372
2786378
2786379
2786380
2786381
2786384
2786386
2786388
2786390
2786391
2786392
2786397
2786398
2786399
2786401
2786402
2786403
2786408
2786409
2786410
2786411
2786412
2786413
2786414
2786415
2786416
2786417
2786428
2786429
2786431
2786432
2786433
2786441
2786444
2786445
2786446
2786451
2786452
2786453
2786454
2786455
2786470
2786471
2786472
2786473
2786475
2786477
2786479
2786480
2786485
2786486
2786487
2786488
2786489
2786492
2786497
2786498
2786504
2786506
2786512
2786513
2786514
2786515
2786516
2786517
2786518
2786519
2786521
2786522
2786523
2786532
2786533
2786534
2786535
2786536
2786537
2786540
2786541
2786548
2786549
2786554
2786555
2786556
2786557
2786558
2786559
2786560
2786562
2786563
2786566
2786567
2786568
2786569
2786570
2786571
2786572
2786573
2786574
2786575
2786577
2786578
2786579
2786580
2786581
2786582
2786583
2786584
2786604
2786605
2786606
2786607
2786608
2786613
2786614
2786615
2786616
2786621
2786622
2786623
2786624
2786625
2786626
2786627
2786628
2786630
2786632
2786633
2786646
2786647
2786648
2786649
2786652
2786653
2786654
2786655
2786656
2786657
2786664
2786665
2786666
2786667
2786668
2786669
2786672
2786673
2786674
2786683
2786684
2786685
2786686
2786688
2786689
2786690
2786691
2786697
2786699
2786700
2786701
2786702
2786703
2786704
2786705
2786706
2786708
2786709
2786710
2786722
2786723
2786724
2786727
2786728
2786730
2786736
2786737
2786745
2786746
2786747
2786748
2786749
2786750
2786757
2786768
2786771
2786778
2786781
2786789
2786808
2786809
2786811
2786815
2786821
2786844
2789016
2789204
2789207
2814355
2814356
2814357
2814358
2814359
2814360
2814361
2814362
2814363
2814364
2843643
2843657
2843683
2843686
2843687
2843688
2843689
2843690
2843693
2843705
2843738
2843739
2843740
2843829
2843832
2843834
2843835
2843838
2843848
2843850
2843851
2843857
2843858
2843860
2843861
2843862
2843863
2843866
2843881
2843885
2843886
2843887
2843888
2843889
2843890
2843891
2843892
2843895
2843899
2843901
2843902
2843905
2843906
2843919
2843920
2843921
2843924
2843927
2843928
2843929
2843930
2843931
2843932
2843933
2843937
2843943
2843944
2843951
2844001
2844002
2844003
2844004
2844005
2844006
2844007
2844008
2844009
2844010
2844030
2844031
2844049
2844054
2844059
2844063
2844064
2844066
2844067
2844068
2844081
2844082
2844084
2844092
2844096
2844108
2844113
2844116
2844276
2844279
2844285
2844310
2844311
2844406
2844407
2844653
2844654
2844655
2844656
2844680
2844785
2844798
2844808
2844809
2844811
2844830
2844831
2844980
2845004
2845005
2845006
2845007
2845008
2845009
2845019
2845020
2845030
2845032
2845034
2845035
2845036
2845044
2845045
2845046
2845056
2845057
2845060
2845065
2845071
2845073
2845113
2845117
2845120
2845531
2845538
2845549
2845550
2845551
2845561
2845562
2845564
2845569
2845570
2845575
2845577
2845578
2845580
2845584
2845599
2845600
2845601
2845602
2845603
2845604
2845605
2845606
2845612
2845613
2845614
2845636
2845637
2845640
2845641
2845642
2845643
2845644
2845645
2845647
2845661
2845662
2845663
2845664
2845665
2845666
2845667
2845678
2845684
2845685
2845686
2845691
2845692
2845693
2845696
2845714
2845715
2845716
2845717
2845718
2845720
2845721
2845722
2845723
2845724
2845725
2845726
2845755
2845773
2845781
2845782
2845783
2845798
2845799
2845804
2845831
2845832
2845833
2845839
2845840
2845841
2845847
2845848
2845849
2845850
2845851
2845852
2845862
2845863
2845864
2845865
2845866
2845870
2845872
2845943
2845944
2845945
2845946
2845947
2845948
2845973
2845974
2845988
2846025
2846026
2846027
2846054
2846055
2846076
2846077
2846168
2846174
2846175
2846176
2846191
2846196
2846209
2846211
2846212
2846213
2846214
2846215
2846217
2846218
2846231
2846233
2846235
2846237
2846242
2846243
2846244
2846383
2846418
2846423
2846425
2846426
2846427
2846429
2846439
2846441
2846442
2846443
2846447
2846455
2846579
2846587
2846594
2846612
2846613
2846614
2846615
2846616
2846617
2846618
2846619
2846623
2846660
2846661
2846666
2846670
2846675
2846677
2846691
2846692
2846693
2846694
2846695
2848094
2852272
2852332
2852347
2852597
2852653
2852677
2852728
2852788
2852845
2852980
2853045
2905457
2905458
2905459
2905460
2905461
2905462
2905507
2905509
2905510
2905513
2912716
2941081
2960215
2970014
2970015
2970016
2970018
2970019
2970020
2970021
2970022
2970023
2970024
2970025
2970026
2970027
2970028
2970029
2970030
2970031
2970032
2970033
2970034
2970035
2970036
2970037
2970038
2970039
2970040
2970041
2970042
2970043
2970044
2970045
2970046
2970047
2970048
2970049
2970050
2970051
2970052
2970053
2970054
2970055
2970056
2970057
2970058
2970059
2970060
2970061
2970062
2970063
2970064
2970065
2970066
2970067
2970068
2970069
2970070
2970071
2970072
2970073
2970074
2970312
2970314
3029000
3029001
3029002
3029003
3029004
3068778
3137913
3137914
3137915
3137916
3137917
3137918
3137919
3137920
3241305
3399440
3399454
3413332
3413333
3426366
3426372
3427827
3427852
3428149
3428150
3428151
3428191
3428326
3428327
3428335
3428338
3428339
3428423
3428426
3428432
3428433
3428435
3428442
3428446
3428459
3428630
3428646
3428647
3428652
3428758
3428765
3428766
3428787
3428792
3428818
3428868
3428904
3429070
3429100
3429102
3429103
3429107
3429110
3429138
3429139
3429140
3429143
3429146
3429147
3429149
3429150
3429163
3429171
3429192
3429222
3429223
3429234
3429282
3429286
3429288
3429289
3429291
3429784
3429811
3430085
3430181
3430228
3430229
3430230
3430231
3430232
3430233
3430236
3430237
3430241
3430242
3430243
3430244
3430246
3430247
3430248
3430249
3430251
3430252
3430255
3430256
3430270
3430294
3430393
3430429
3430430
3430431
3430432
3430433
3430434
3430435
3430437
3430438
3430439
3430440
3430441
3430442
3430470
3430471
3430477
3430500
3430501
3430502
3430515
3430516
3430517
3430543
3430547
3430600
3430601
3430602
3430785
3430861
3430867
3430868
3430877
3430878
3430887
3430889
3431070
3431073
3431189
3431548
3431551
3431552
3431576
3431577
3431578
3431579
3431580
3431598
3431599
3431600
3432105
3432106
3432107
3432108
3432109
3432110
3432111
3432245
3432270
3432409
3432490
3432609
3432610
3432722
3432723
3433009
3433010
3433011
3433014
3433018
3433045
3433051
3433052
3433053
3433077
3433078
3433273
3433274
3433582
3433583
3433586
