11053
11057
11058
11059
11060
11062
11063
11064
11065
11066
11067
11068
11069
11070
11072
11073
11074
11075
11076
11077
11078
11079
11080
11081
11082
11083
11084
11085
11086
11087
11088
11089
11090
11092
11093
11094
11096
11097
11098
11099
11100
11101
11104
11105
11106
11107
11108
11109
11110
11111
11112
11113
11114
11115
11116
11117
12542
12637
12795
28298
31634
31635
31636
31637
31638
31639
31640
31641
31642
31643
31644
31645
31647
31648
31649
31650
31651
31653
31654
31655
31656
31657
31658
33741
33743
35279
36386
36387
36388
36389
36390
38144
38837
39008
39137
40004
40012
40360
40361
41406
41408
42791
42792
44017
44019
44020
44021
44022
44023
44024
44025
44026
44027
47300
50359
54290
54315
56948
56949
56950
58535
59240
59563
60869
60986
60987
60988
60989
60990
60991
60992
60993
60994
60995
60996
60997
60998
60999
61000
61001
61002
61003
61004
61005
61006
61007
61008
61009
61010
63426
63746
64004
64005
64006
64007
64280
64281
64282
64283
64284
64285
64286
64287
64288
64289
64290
64291
64292
64293
64294
64295
64296
64297
64298
64299
64300
64301
64302
64303
64304
64305
64306
64307
64308
64309
64310
64311
64312
64313
64314
64315
64316
64317
64318
64319
64320
64894
68613
68614
68615
68616
68617
68618
68619
68620
68621
68622
68624
68625
68626
68627
68628
68629
68630
68631
68632
68633
68634
68635
68636
68637
68638
68639
68640
68641
68642
68643
68644
68645
68646
68647
68648
68649
68650
68653
68654
68655
68656
68657
68658
68659
69043
69044
70733
72372
72373
72374
72375
72376
72708
72709
72710
72711
77581
82470
83397
87729
93923
93986
98674
98675
98676
98677
98678
99464
99465
99466
99467
99468
99469
99470
99471
99472
99474
99475
99476
99477
99541
99542
99543
116076
116077
116078
116079
116080
116081
116082
116083
119222
120950
121430
125217
125218
125219
125220
125221
125222
125223
125224
125225
125226
125227
125228
125229
125230
125231
125232
125233
125234
125235
125236
125237
126996
126997
128819
128820
128821
140024
140298
140303
144353
144355
144356
144357
144358
144359
144360
144361
144362
144363
144364
144365
144366
144367
144368
144369
144370
144371
145170
145171
145172
145173
145174
145175
145176
145177
145178
145179
145180
145181
145182
145183
145184
145185
145186
145187
145188
145189
145190
145191
145192
145193
145194
145195
145196
145197
145198
145199
145200
145201
145202
145203
145204
145205
145206
145207
145208
145209
145210
145211
145212
145213
145214
145215
145216
145217
145218
145219
145220
145221
145222
145223
145224
145225
145226
145227
145228
145229
149596
155905
155906
155907
157731
158474
158476
158477
158901
158902
158903
158904
158905
158906
158907
158908
158909
158910
158911
158912
158913
158914
158915
158916
158917
158918
158919
158920
158921
158922
158923
158924
158925
161675
164416
170646
172148
173722
187971
188938
217536
217886
217893
217894
217895
217896
217899
217900
217901
217902
217903
217904
217905
217906
217907
217908
217909
217910
217911
217912
217913
217914
217915
217916
217917
217918
217919
217920
217921
217922
217923
217924
217925
217926
217927
217928
217929
217930
217931
217932
217933
217934
217935
218849
219447
219589
219590
219591
219592
221916
221917
221918
229907
230462
230463
230464
233883
233884
233885
233886
233887
233888
233889
249336
249337
258254
262791
262958
262959
262960
262961
262962
262963
266829
268305
279150
292510
294390
298365
301478
301964
307044
311314
311316
311415
311488
312033
312034
312035
329389
333284
339847
352879
356113
356115
356116
356386
356387
356388
356390
356391
356410
356411
356412
356413
356414
356415
356416
356417
356418
356419
356420
356421
356422
356423
356424
356425
356426
356427
356465
356466
356467
356468
356469
357355
357985
357986
357987
357988
357989
357990
357991
358764
358768
358769
358770
358792
358805
358812
362243
365500
365501
365502
365503
365504
365505
365506
365507
365508
365509
365510
365511
365512
365513
365514
374448
378506
378507
381707
390844
390845
402584
406269
407134
407135
407136
407137
407138
407139
407140
407141
408685
408686
408687
408688
408689
408690
408691
408692
408693
408694
408870
408871
412969
413041
413255
413256
413257
415318
415319
420174
421877
421879
438880
438881
449277
449278
449279
449280
454266
454267
467337
467338
467339
467354
469474
478577
484894
486494
486495
487624
499854
537023
560241
560242
560243
560244
560245
560246
560247
560248
560249
560250
569610
577122
578303
578306
578319
595609
595610
595611
595612
598672
598673
598674
598675
617102
631267
638787
643132
649187
659665
659666
664256
664257
664258
664259
664317
664318
664649
664650
664651
664652
664653
664654
664655
664735
664736
664737
664738
664746
667516
668553
668554
668555
673515
679182
693269
693270
693426
693427
693428
693429
745709
758864
759939
760561
761189
761190
761191
761192
761967
871649
941339
941340
945057
945058
945059
945060
945061
945062
945063
945064
945065
945066
945067
945068
945069
945070
945071
945072
945073
981676
985683
1002900
1002931
1004050
1006431
1006432
1006433
1006434
1006435
1006436
1006437
1006438
1006439
1006440
1006441
1006442
1006443
1006444
1009692
1041528
1041529
1041933
1046551
1048333
1048536
1048860
1048861
1048862
1048863
1048864
1053139
1053140
1053141
1053142
1053143
1053144
1053145
1053146
1053147
1070859
1082545
1085621
1086585
1093105
1094895
1094898
1094899
1094900
1094901
1095754
1098914
1105033
1105173
1110709
1112699
1120765
1125615
1125677
1150860
1172985
1173523
1193076
1195372
1207926
1208062
1208063
1208385
1221516
1225488
1225489
1225490
1225491
1231621
1244563
1244564
1244565
1249508
1249509
1254420
1259832
1263412
1281453
1281454
1281455
1286143
1302179
1307119
1307802
1307803
1321391
1325446
1354498
1383923
1399582
1405107
1405121
1406420
1406421
1406422
1406423
1406424
1406425
1406426
1406427
1416349
1445557
1454041
1456752
1463813
1477528
1485186
1488577
1495316
1505640
1525797
1525798
1534467
1534468
1544726
1544902
1562038
1562039
1562065
1562066
1562507
1566298
1594788
1605403
1609594
1627834
1633878
1651181
1651182
1651183
1651185
1651186
1653304
1665361
1670679
1678179
1685953
1689785
1691889
1704090
1708574
1708654
1729141
1735573
1746063
1746066
1746067
1746068
1746070
1746071
1758225
1805494
1807800
1821222
1821227
1855262
1855263
1855264
1855265
1855266
1855267
1855268
1855269
1869278
1873455
1890418
1890684
1903340
1903341
1903413
1903559
1905693
1906179
1911095
1914447
1928710
1935468
1955163
1963247
1968826
1969397
1969398
1969399
1969400
1972280
1983570
2014960
2043570
2044876
2045185
2045186
2045187
2050015
2050021
2050971
2053814
2055848
2080447
2116369
2116370
2116371
2116372
2116373
2116374
2116375
2116376
2116377
2116378
2116379
2116380
2116381
2116476
2116477
2116478
2116479
2116480
2202225
2202624
2230895
2259111
2269360
2304510
2305258
2316109
2340905
2340906
2340907
2421439
2421440
2461422
2486209
2487338
2487339
2487340
2487341
2490444
2490445
2490446
2490447
2491016
2491660
2498143
2501772
2552987
2555554
2560020
2569752
2572238
2572239
2572240
2572241
2572242
2575883
2577066
2585499
2590438
2590836
2594177
2602438
2606251
2650668
2652258
2653118
2653709
2654971
2663721
2686042
2689355
2692079
2692085
2696479
2699478
2704634
2707343
2712734
2713211
2716315
2716745
2719790
2734903
2736240
2737685
2749850
2751814
2751815
2751816
2756242
2758120
2758121
2758122
2760285
2767259
2771481
2775126
2777462
2777463
2777464
2777465
2777466
2777467
2777468
2777469
2778788
2789627
2789883
2793982
2796354
2796561
2813198
2814814
2817035
2817036
2817037
2817955
2817956
2820918
2822560
2822561
2822562
2822563
2822564
2822565
2822566
2822567
2822568
2822569
2822570
2822571
2822572
2822573
2822574
2822575
2822576
2824450
2824451
2824452
2824453
2824454
2824455
2824456
2824457
2824458
2824459
2824460
2824461
2824462
2824463
2824464
2824465
2824466
2824467
2824468
2824469
2824607
2824608
2824609
2824610
2824611
2824649
2824650
2824655
2824656
2824657
2824658
2829081
2830620
2830621
2830716
2832073
2832074
2832075
2832076
2832077
2832078
2832079
2832080
2832081
2832086
2832087
2832088
2832089
2832090
2832091
2832092
2832093
2840076
2847087
2847088
2847093
2847144
2847145
2848310
2848311
2848419
2848421
2849774
2851137
2859665
2859666
2861005
2866852
2867063
2872420
2875871
2875873
2875874
2875875
2875879
2875880
2875881
2875882
2875884
2875886
2875887
2877428
2881032
2886230
2886231
2893983
2893984
2895586
2895587
2895588
2895589
2895590
2895591
2895592
2895593
2895594
2895595
2895596
2895618
2897165
2900469
2900520
2905429
2905430
2905431
2905432
2905433
2905434
2905435
2905436
2905437
2905438
2905439
2905440
2911474
2913445
2917182
2917183
2917184
2917185
2917186
2917187
2917289
2917319
2925819
2928975
2928976
2928977
2928978
2929000
2929001
2929008
2929010
2933245
2933246
2937016
2937017
2937018
2937019
2937020
2937021
2937022
2937023
2937024
2937025
2937026
2937027
2937028
2937029
2937974
2946784
2946785
2946786
2950731
2951535
2951876
2952040
2952659
2953083
2962704
2969590
2970553
2972099
2972973
2973217
2973665
2976775
2979756
2979757
2979758
2980574
2980582
2980586
2982807
2985706
2989508
2993523
2993529
3004156
3004157
3004158
3004159
3004160
3004161
3004162
3004163
3004164
3004165
3004166
3004167
3004168
3004169
3004170
3004171
3004172
3004173
3004174
3004175
3004176
3004177
3004178
3004179
3004180
3004181
3004182
3004183
3004184
3004185
3004186
3014456
3014457
3015527
3033753
3040109
3040110
3040111
3040112
3040113
3040114
3040115
3043598
3043611
3045052
3046277
3047370
3047375
3047385
3047395
3047696
3047703
3047725
3047770
3047790
3047817
3047823
3047837
3048154
3048158
3048162
3048164
3048165
3048168
3048169
3048170
3048175
3048184
3048198
3048205
3048206
3048215
3048225
3048233
3048267
3048287
3048300
3048305
3048308
3048311
3048312
3048314
3048316
3048360
3048439
3048440
3048443
3048447
3048448
3048457
3048459
3051093
3051135
3051136
3051859
3052226
3052227
3052228
3052229
3052230
3052231
3052232
3052233
3052234
3052235
3052236
3052237
3052238
3052239
3052463
3052464
3052465
3052466
3052467
3052468
3052469
3052604
3052605
3052606
3052607
3052608
3052609
3052610
3052611
3052612
3052613
3052614
3052616
3052617
3052618
3052619
3052620
3052621
3052622
3052623
3052624
3052625
3052626
3058443
3058444
3060541
3060542
3060543
3060544
3060545
3060546
3060547
3060548
3061651
3064049
3064114
3065030
3065031
3065032
3065033
3065034
3065035
3065036
3065037
3065038
3065039
3065040
3065041
3065042
3065072
3068221
3068228
3068229
3068236
3068237
3068238
3068239
3068248
3068508
3068509
3068510
3068696
3068697
3068698
3068699
3070196
3071305
3071591
3076163
3077006
3077538
3077539
3077540
3077582
3080957
3083296
3083297
3083298
3083358
3083359
3083455
3083642
3083654
3083658
3083674
3083675
3084682
3084692
3084839
3084849
3084904
3084905
3084911
3084927
3084948
3087233
3095295
3095297
3095298
3108888
3108891
3119877
3126522
3128436
3128437
3128438
3128439
3132239
3133548
3138818
3138843
3141856
3141861
3141872
3141882
3141899
3141907
3142491
3142492
3142493
3142494
3142495
3142496
3142497
3142498
3142499
3142500
3142501
3154165
3156056
3231085
3232019
3234215
3237364
3240684
3344850
3345038
3345039
3349303
3350192
3371281
3386133
3386134
3386175
3386203
3392205
3392206
3400659
3400664
3401104
3403577
3403578
3403579
3403580
3411286
3411287
3411288
3411289
3411290
3411296
3433931
3446371
3462433
3462435
3466611
3466612
3467566
