10406
10407
10408
10409
10410
10411
10412
10413
10414
10415
10418
10419
10430
10431
10432
10433
10436
10439
10440
12513
12639
28300
31510
31512
31513
31514
31515
33702
35269
41952
45410
68416
89623
106820
106821
110944
113194
191548
259898
259931
336063
341945
341946
391646
391647
391648
391649
391650
391651
400034
480116
482133
482134
489449
489450
489451
489452
489454
489455
489457
489458
489459
489460
489461
489462
489463
489464
489465
489467
489468
489469
489470
489471
489472
489487
489488
489489
489490
489494
489495
489496
489497
489498
489499
489500
489501
489503
489537
489538
489539
489540
489541
489542
489543
489544
489545
489546
490133
490134
569626
621276
621277
621278
644639
928302
1052603
1052604
1128117
1128118
1219350
1219351
1219352
1219353
1282342
1303386
1401315
1508710
1508711
1508712
1615774
1690672
1862821
1862822
1862823
2018685
2049933
2050037
2093787
2107574
2126131
2163996
2169919
2486219
2486220
2499254
2507572
2557875
2592526
2596879
2596880
2683323
2718606
2718607
2718608
2734560
2734561
2746927
2760904
2760905
2764097
2764122
2772505
2779404
2788366
2809457
2813184
2813185
2813191
2813199
2847137
2847138
2847139
2847140
2847141
2847142
2847143
2849741
2881033
2922271
2928955
2928956
2928957
2928958
2928959
2928960
2928961
3003970
3065051
3065052
3065053
3065054
3065055
3065056
3065057
3066367
3084673
3084674
3095289
3095296
3132058
3138873
3138874
3344478
3382294
3382295
3386174
3413435
3426542
3426543
3426544
3426545
3426546
3429224
3430817
3431299
3431300
3431301
3431302
3431303
3431304
3431305
3431306
3431307
3431365
3431458
3431459
3431460
3431461
3431462
3431463
3431464
3431465
3431466
3431467
