88387
88388
88389
186769
198597
204819
217362
233046
249052
249053
249054
249055
249056
249057
274584
279538
343865
343866
343867
348094
348095
348096
444193
463636
758866
1037523
1084723
1092459
1133727
1133728
1136031
1136032
1136033
1136034
1136035
1136036
1136037
1136038
1136039
1136040
1136041
1136042
1136043
1136044
1136045
1136046
1136047
1136048
1136049
1136050
1136051
1136052
1136053
1136054
1136055
1136056
1136057
1136058
1136059
1136060
1136061
1162083
1279099
1279100
1387983
1387984
1401640
1401641
1405093
1435438
1435439
1435440
1435441
1435442
1435443
1435444
1435445
1435446
1435447
1435448
1435449
1437189
1452530
1452531
1459667
1459668
1461368
1461369
1461370
1461371
1491780
1494074
1521172
1551545
1551546
1551547
1551548
1551549
1551550
1551551
1551552
1551553
1551554
1551555
1561961
1562379
1562380
1564031
1629665
1629666
1629667
1676469
1708326
1708327
1708328
1708329
1708330
1708331
1708332
1708333
1708334
1708335
1708336
1708337
1708338
1708339
1708340
1708341
1708342
1708343
1708344
1708346
1708348
1712387
1719041
1719042
1719043
1719044
1719045
1807788
1816484
1816485
1816486
1816487
1816488
1826822
1837089
1848150
1848151
1848152
1848153
1859165
1859166
1871112
1871632
1871633
1871634
1871635
1945739
1964428
2020287
2052561
2052562
2052563
2082665
2082666
2082667
2082668
2163916
2185087
2231666
2231667
2231668
2231669
2231670
2231671
2231672
2231673
2231674
2231675
2231676
2231677
2231678
2231679
2231680
2231681
2231682
2231683
2231684
2231685
2231686
2231687
2231688
2231689
2231690
2231691
2231692
2231693
2231694
2250451
2320183
2320184
2320186
2340910
2364128
2421278
2487744
2487745
2497444
2497445
2501265
2501266
2501267
2501268
2501269
2501658
2557974
2557975
2557976
2557977
2557978
2557979
2557980
2557981
2587224
2587535
2587536
2587537
2587538
2587539
2588361
2588362
2592734
2592735
2592736
2592737
2592738
2592739
2592740
2592741
2592742
2596746
2598975
2599414
2599415
2599416
2599417
2599418
2599419
2599420
2599421
2599422
2599423
2599424
2599425
2599426
2599427
2599892
2599893
2599894
2603542
2603543
2606592
2691986
2691987
2691988
2691989
2691990
2691991
2691992
2691993
2691994
2691995
2691996
2691997
2692308
2692309
2692310
2692311
2692312
2699143
2699144
2710874
2716759
2716760
2716761
2719434
2719435
2719436
2719437
2719438
2719439
2719440
2719441
2719442
2719443
2719444
2719445
2719446
2719447
2719448
2719449
2719450
2719451
2719452
2719453
2719454
2719455
2719456
2719457
2719458
2719459
2719460
2719461
2719462
2719463
2719464
2719465
2719466
2719467
2719468
2719469
2719470
2719471
2719472
2719473
2719474
2719475
2719476
2719477
2719478
2719479
2719480
2719481
2719482
2719483
2719484
2719485
2719486
2719487
2719488
2719810
2719863
2720486
2735928
2735936
2737695
2737696
2737697
2741659
2741880
2741881
2741882
2741883
2741884
2741885
2741886
2741887
2741888
2741889
2741890
2741891
2741892
2741893
2741894
2741895
2741896
2741897
2741898
2741899
2741900
2741901
2746653
2748256
2760745
2761497
2761498
2767013
2767209
2767210
2767211
2769352
2778982
2788892
2793953
2801160
2801161
2801162
2801163
2801164
2805487
2805488
2805863
2809572
2814301
2814302
2814303
2814304
2814305
2814306
2814307
2814308
2814309
2814310
2814311
2814312
2814313
2814314
2814315
2814316
2814317
2814318
2814319
2814320
2814321
2814322
2816842
2816843
2818053
2818057
2818416
2822885
2822886
2822887
2822888
2822889
2822890
2822891
2824178
2824786
2829087
2831182
2836141
2836440
2836441
2836442
2838373
2838374
2838375
2841024
2851966
2851967
2851968
2858880
2858881
2867096
2876033
2879879
2879880
2879881
2879882
2879883
2879884
2879885
2879886
2879887
2879888
2879889
2879890
2879891
2879892
2879893
2879894
2879895
2880268
2880269
2880270
2880271
2880272
2880273
2897338
2902965
2902966
2902967
2902968
2902969
2902970
2902971
2902972
2902973
2902974
2902975
2902976
2902977
2902978
2902979
2902980
2902981
2902982
2902983
2902984
2902985
2902986
2902987
2902988
2902989
2902990
2902991
2902992
2902993
2902994
2902995
2902996
2902997
2902998
2902999
2903000
2903001
2903002
2903003
2903004
2903005
2903006
2903007
2903008
2903009
2903010
2903011
2903012
2903013
2903014
2903015
2903016
2903017
2903018
2903019
2903020
2903021
2903022
2903023
2903024
2903025
2903026
2904328
2905236
2905237
2905238
2905239
2905240
2905241
2905242
2905243
2905551
2905552
2905553
2912687
2912694
2912695
2912700
2912701
2912713
2912715
2912896
2918176
2921202
2921203
2921204
2921205
2921206
2921207
2921208
2921209
2921232
2933108
2933109
2933110
2933111
2933112
2933113
2933357
2933358
2933359
2933360
2933361
2937040
2937041
2937042
2937043
2937044
2937045
2937046
2937047
2937048
2937049
2937050
2937051
2937052
2937053
2937054
2937055
2937056
2937057
2937058
2937059
2937060
2937061
2937062
2937063
2937064
2937065
2937066
2937067
2937068
2937069
2937070
2937071
2937072
2937073
2937074
2937075
2937076
2937077
2937078
2937079
2937080
2937081
2937082
2937083
2937084
2937085
2937086
2937087
2937088
2937089
2937090
2937091
2937092
2937093
2937094
2937095
2937096
2937097
2937098
2937099
2937100
2937101
2937102
2937103
2937104
2937105
2937106
2937107
2937108
2937109
2937110
2937111
2937112
2937113
2937114
2937115
2937116
2937117
2937118
2937119
2937120
2937121
2937122
2937123
2937124
2937125
2937126
2937127
2937128
2937129
2937130
2937131
2937132
2937133
2937134
2937135
2937136
2937137
2937138
2937139
2937140
2937141
2937142
2937143
2937144
2937145
2937146
2937147
2937148
2937149
2937150
2937151
2937152
2937153
2937154
2937155
2937156
2937157
2937158
2937159
2937160
2937161
2937162
2937163
2937164
2937165
2937166
2937167
2937168
2937169
2937170
2937171
2937172
2937173
2937174
2937175
2937176
2937177
2937178
2937179
2937180
2937181
2937182
2937183
2937184
2937185
2937186
2937187
2937188
2937189
2937190
2937191
2937192
2937193
2937194
2937195
2937196
2937197
2937198
2937199
2937200
2937201
2937202
2937203
2937204
2937205
2937206
2937207
2937208
2937209
2937210
2937211
2937212
2937213
2937214
2937215
2937216
2937217
2937218
2937219
2937220
2937221
2937222
2937223
2937224
2937225
2937226
2937227
2937228
2937229
2937230
2937231
2937232
2937233
2937234
2937235
2937236
2937237
2937238
2937239
2937240
2937241
2937242
2937243
2937244
2937245
2937246
2937247
2937248
2937249
2937250
2937251
2937252
2937253
2937254
2937255
2937256
2937257
2937258
2937259
2937260
2937261
2937262
2937263
2937264
2937265
2937266
2937267
2937268
2937269
2937270
2937271
2937272
2937273
2937274
2937275
2950447
2950448
2950449
2950450
2950716
2950717
2950718
2950719
2950720
2950721
2950722
2955766
2955767
2955768
2955769
2955770
2955771
2955772
2955773
2955774
2955775
2955776
2955777
2955778
2955779
2955780
2955781
2955782
2955783
2955784
2955785
2955786
2955787
2955788
2955789
2955790
2955791
2955792
2955793
2955794
2955795
2955796
2955797
2955798
2955799
2955800
2955801
2955802
2955803
2955804
2955805
2955806
2955832
2955833
2955834
2955835
2955836
2955837
2955838
2955839
2956098
2956544
2956545
2956546
2956547
2956548
2956549
2956550
2956551
2956552
2956582
2956583
2956584
2956585
2956586
2956587
2956588
2956589
2956590
2956591
2956592
2956593
2956594
2956595
2956596
2956597
2956598
2956599
2956600
2956601
2956602
2956603
2956604
2956605
2956606
2956607
2956608
2956609
2956610
2956611
2956612
2956613
2956614
2956615
2956616
2956617
2956618
2956619
2956620
2956621
2956622
2956623
2956624
2956625
2956626
2956627
2957145
2957146
2957147
2960181
2960182
2961376
2963895
2964642
2964643
2964644
2964645
2964646
2964647
2964648
2964649
2964650
2964651
2964652
2964653
2964775
2964776
2964777
2965525
2970144
2970149
2970150
2970151
2970152
2970153
2970154
2970155
2970156
2970157
2970158
2970159
2970160
2970161
2970162
2970163
2970164
2970165
2970166
2970167
2970178
2970179
2970201
2970202
2970203
2970217
2972014
2972190
2972191
2972192
2972193
2972210
2972211
2972212
2972213
2972214
2974657
2974659
2974660
2974661
2976114
2985669
2985670
2985671
2985672
2985673
2985674
2985675
2993406
2993407
2993408
2993409
2993410
2993411
2993412
2994967
3016287
3016288
3016289
3016290
3016291
3016292
3016293
3016294
3016295
3016296
3016297
3016298
3016299
3016300
3016301
3016302
3016303
3016304
3016305
3016306
3016307
3016308
3016309
3016310
3016311
3016312
3016313
3016314
3016315
3016316
3016317
3016318
3016319
3016320
3016321
3016322
3016323
3016324
3021587
3021588
3024421
3028222
3028980
3028981
3028982
3028983
3028984
3028985
3028986
3030001
3030002
3031847
3032588
3038605
3038606
3038607
3038608
3045933
3049744
3051526
3051527
3051528
3052843
3058613
3058614
3058618
3058619
3062767
3067118
3067119
3067120
3067121
3067122
3067123
3067124
3067125
3067126
3067127
3067128
3067129
3067130
3067131
3067132
3067133
3067134
3067135
3067136
3067137
3067138
3067139
3067140
3067141
3067142
3067143
3067144
3067145
3067146
3067147
3067148
3067149
3067150
3067151
3067152
3067153
3067154
3067155
3067156
3067157
3067810
3067811
3067812
3067813
3067814
3067815
3067816
3067817
3068377
3068381
3068666
3070915
3073432
3073433
3073434
3073435
3074144
3075939
3077425
3077426
3077427
3077428
3077433
3077434
3079707
3088763
3095219
3095220
3095221
3095222
3095223
3096625
3111957
3111964
3115461
3115468
3115559
3117357
3117358
3117359
3120178
3128867
3128868
3129041
3129305
3129308
3129336
3129392
3129405
3129427
3129428
3129433
3129440
3129465
3129477
3129482
3129485
3129506
3129527
3129533
3129534
3129539
3129554
3129558
3129560
3129565
3129571
3129575
3129578
3129579
3129581
3129584
3129590
3129592
3129593
3129594
3129598
3129600
3129609
3129621
3129623
3129625
3129639
3129649
3129661
3129662
3129668
3129673
3129675
3129681
3129685
3129688
3129690
3129691
3129695
3129701
3129704
3129708
3129710
3129712
3129713
3129715
3129717
3129720
3129721
3129723
3129778
3129779
3129780
3129782
3129783
3129784
3129786
3129789
3129790
3129791
3129793
3129795
3129798
3129801
3129802
3129803
3129804
3129805
3129806
3129808
3129809
3129810
3129813
3129816
3129819
3129823
3129824
3129825
3129827
3129828
3129833
3129834
3129835
3129837
3129842
3129843
3129850
3129858
3129862
3129868
3129874
3129875
3129876
3129879
3129880
3129886
3129888
3129889
3129893
3129896
3129898
3129903
3129904
3129905
3129907
3129908
3129909
3129910
3129914
3129918
3129920
3129922
3129923
3129925
3129929
3129932
3129933
3129935
3129937
3129938
3129939
3129943
3129945
3129947
3129948
3129949
3129952
3129953
3129954
3129955
3129956
3129957
3129960
3129961
3129963
3129965
3129967
3129968
3129969
3129970
3129971
3129973
3129976
3129978
3129979
3129981
3129982
3129997
3130004
3130017
3130026
3130027
3130029
3130031
3130032
3130040
3130049
3130050
3130051
3130054
3130055
3130058
3130062
3130064
3130070
3130071
3130169
3130180
3130195
3130196
3130205
3130213
3130217
3130219
3130222
3130231
3130236
3130238
3130254
3130255
3130259
3130268
3130276
3130278
3130280
3130281
3130282
3130288
3130292
3130296
3130302
3130305
3130366
3130392
3130393
3130411
3130420
3130432
3130434
3130449
3130518
3130529
3130551
3130570
3130573
3130584
3130596
3130600
3130602
3130613
3130626
3130635
3130652
3130655
3130657
3130661
3130672
3130673
3130679
3130680
3130686
3130690
3130693
3130694
3130697
3130706
3130719
3130733
3130736
3130763
3130768
3130787
3130794
3130798
3130801
3130827
3130844
3130846
3130860
3130872
3130877
3130901
3130944
3130946
3130955
3130974
3131000
3131002
3131006
3131008
3131010
3131025
3131026
3131037
3131045
3131052
3131066
3131075
3131090
3131095
3131105
3131112
3131116
3131120
3131133
3131141
3131159
3131170
3131173
3131179
3131180
3131185
3131189
3131190
3131192
3131204
3131205
3131207
3131212
3131213
3131215
3131217
3131220
3131226
3131234
3131257
3131284
3131294
3131295
3131301
3131303
3131306
3131307
3131308
3131309
3131313
3131320
3131321
3131326
3131329
3131332
3131333
3131354
3131362
3131365
3131372
3131379
3131380
3131382
3131390
3131392
3131397
3131399
3131403
3131412
3131413
3131418
3131419
3131420
3131421
3131426
3131428
3131429
3131433
3131434
3131435
3131442
3131447
3131448
3131449
3131451
3131453
3131454
3131455
3131457
3131459
3131460
3131464
3131467
3131469
3131470
3131474
3131475
3131476
3131478
3131480
3131481
3131483
3131485
3131486
3131492
3131493
3131500
3131501
3131502
3131508
3131511
3131517
3131518
3131524
3131525
3131538
3131561
3131568
3131573
3131583
3131584
3131586
3131589
3131591
3131592
3131600
3131601
3131610
3131617
3131645
3131655
3131659
3131660
3131678
3131690
3131693
3131694
3131697
3131701
3131704
3131709
3131712
3131713
3131716
3131730
3131735
3131754
3131757
3131774
3131775
3131778
3131790
3131796
3131799
3131800
3131801
3131802
3131806
3131810
3131811
3131818
3131819
3131820
3131822
3131825
3131826
3131829
3131831
3131833
3131836
3131838
3131846
3131847
3131849
3131852
3131855
3131862
3131873
3131881
3131886
3131897
3131898
3131911
3134524
3135552
3137745
3139126
3139127
3139157
3144865
3151619
3152091
3156529
3156530
3156531
3157912
3157913
3162542
3229026
3229027
3229028
3229029
3229030
3232303
3233855
3233856
3234051
3234052
3234053
3234054
3234056
3234058
3234059
3234060
3234061
3234062
3234063
3234064
3234065
3234066
3234067
3234068
3234069
3234070
3234072
3234074
3234075
3234076
3234077
3234078
3234079
3234080
3234081
3234082
3234083
3234084
3234085
3238291
3240112
3240128
3240130
3342389
3366628
3366629
3366630
3366631
3366632
3366633
3366634
3366635
3366636
3366637
3366638
3366957
3367141
3371258
3371259
3371260
3371261
3371262
3371263
3371264
3372920
3372921
3372922
3373483
3377985
3377987
3377988
3377989
3377990
3377991
3377992
3377993
3378021
3378022
3381434
3381435
3381436
3381437
3391120
3397658
3397659
3397660
3397661
3397662
3397663
3398633
3399441
3399780
3401091
3401103
3403663
3403664
3412304
3412435
3412803
3417738
3418622
3418623
3435819
3435820
3435821
3435822
3435823
3435824
3435825
3435826
3435827
3435828
3435829
3436054
3438310
3438311
3438312
3438313
3438314
3438315
3438316
3438317
3438318
3438319
3438320
3438321
3438322
3438323
3438324
3446380
3450706
3454711
3459965
3459966
3459967
3459968
3459969
3459970
