186772
198599
908833
908834
1077831
1077832
1628187
1628188
1849531
1849532
1856627
1856767
1908388
2021863
2021864
2021865
2021866
2021867
2021868
2021869
2021870
2021871
2021872
2021873
2021874
2021875
2021955
2041416
2164100
2250449
2250642
2259777
2364200
2364201
2364202
2507126
2507127
2507128
2507129
2507130
2518294
2518295
2556120
2562539
2583949
2587225
2587530
2587531
2587532
2587533
2592620
2592748
2592749
2592750
2592751
2592752
2592753
2592754
2592755
2592756
2598990
2598991
2600322
2600342
2600343
2601606
2662286
2695334
2695335
2695336
2695337
2695338
2704182
2709734
2709735
2716635
2716636
2716637
2716638
2716639
2716640
2716641
2716642
2716643
2716644
2716645
2716646
2716647
2716648
2716649
2716650
2719492
2719493
2719494
2719495
2719496
2719497
2719498
2719499
2719500
2719501
2719502
2719503
2719505
2719506
2719507
2719508
2719509
2719510
2719511
2719512
2719513
2719515
2719516
2719517
2719518
2719519
2719520
2719521
2719522
2719523
2719524
2719526
2719527
2719528
2719529
2719530
2719531
2719533
2719534
2719802
2719803
2719864
2719865
2719866
2720899
2733468
2735931
2735932
2735934
2736367
2736368
2736369
2736370
2736371
2736372
2736373
2736374
2736375
2736376
2736377
2736378
2736379
2736380
2736381
2736382
2736383
2736384
2736385
2736386
2736387
2736388
2736389
2736390
2736391
2736392
2736393
2736394
2736395
2736396
2736397
2736398
2736399
2736400
2736401
2736402
2736403
2736404
2736405
2736406
2736407
2736408
2736409
2736410
2736411
2736412
2736413
2740152
2740153
2747489
2749926
2767026
2767215
2767216
2771456
2771457
2771458
2771459
2771467
2784741
2784742
2784743
2785366
2785367
2785368
2789379
2789504
2789505
2789506
2789507
2800851
2800852
2802528
2805784
2814323
2814324
2814325
2814326
2814327
2814328
2814329
2814330
2814331
2814332
2814333
2814334
2814335
2814336
2814337
2818058
2819083
2819084
2822897
2822898
2830861
2830862
2830863
2832215
2832216
2832217
2832218
2832219
2832220
2859885
2871718
2874445
2875494
2875495
2879907
2886236
2900385
2900386
2900387
2900510
2900511
2900512
2900513
2900514
2902945
2903027
2903028
2903029
2903030
2903031
2903032
2903033
2903034
2903035
2903036
2903037
2903038
2903039
2903040
2903041
2903042
2903043
2903044
2903045
2903046
2903070
2903071
2903072
2903073
2903074
2903075
2904971
2905310
2905311
2905312
2905313
2905314
2905315
2905316
2905317
2905318
2905319
2905320
2905321
2905323
2905324
2905325
2905326
2905327
2905328
2905329
2905330
2905331
2905332
2905333
2905334
2905534
2905535
2905536
2912690
2912703
2912712
2918174
2921214
2921233
2923331
2928872
2932853
2933115
2933666
2939267
2941096
2941097
2941098
2941099
2941100
2941101
2941102
2941103
2941104
2941105
2941106
2941107
2941108
2941109
2941110
2941111
2941112
2941113
2941114
2941115
2941116
2941117
2941118
2941119
2941120
2941121
2941122
2941123
2941124
2941125
2941126
2941127
2941128
2941129
2941130
2941131
2941132
2941133
2941134
2941135
2941136
2941137
2941138
2941139
2941140
2941141
2941142
2941143
2941144
2941145
2941146
2941147
2941148
2941149
2941150
2941151
2941152
2941153
2941154
2942219
2966557
2970145
2970168
2970169
2970170
2970171
2970180
2970204
2970205
2970206
2970207
2970208
2970209
2970210
2970211
2972013
2972016
2972017
2972018
2972019
2972020
2972021
2972224
2972225
2972226
2972227
2972228
2972229
2972230
2972231
2972232
2972233
2972234
2972235
2972236
2972237
2972238
2972239
2972240
2972241
2972242
2972243
2972244
2972245
2972246
2972247
2972248
2972249
2972250
2972251
2973092
2973667
2976291
2976292
2976293
2976294
2976295
2976296
2976297
2976298
2976299
2976300
2978726
2980390
2980391
2985676
2985677
2985678
2985679
2985680
2985681
2985682
2985683
2985684
2992030
2992031
2992853
3012331
3015535
3016425
3028987
3028988
3028989
3028990
3032027
3041030
3041531
3041532
3041533
3062768
3062769
3062770
3062771
3062772
3062773
3063035
3063060
3063072
3065434
3066847
3066848
3066849
3066850
3066851
3066852
3066853
3066854
3066855
3066856
3066857
3066858
3066859
3066860
3066861
3066862
3066863
3066864
3066865
3066866
3066867
3066868
3066869
3066870
3066871
3066872
3066873
3066874
3066875
3066876
3066877
3066878
3066879
3066880
3066881
3066882
3066883
3066884
3066885
3066886
3066887
3066888
3066889
3066890
3066891
3066892
3066893
3066894
3066895
3066896
3066897
3066898
3066899
3066900
3066901
3066902
3066903
3066904
3066905
3066906
3066907
3066908
3066909
3066910
3066911
3066912
3066913
3066914
3066915
3066916
3066917
3066918
3066919
3066920
3066921
3066922
3066923
3066924
3066925
3066926
3066927
3066928
3066929
3066930
3066931
3066932
3066933
3066934
3066935
3066936
3066937
3066938
3066939
3066940
3066941
3066942
3066943
3066944
3066945
3066946
3066947
3066948
3066949
3066950
3066951
3066952
3066953
3066954
3066955
3066956
3066957
3066958
3066959
3066960
3066961
3066962
3066963
3066964
3066965
3066966
3066967
3066968
3066969
3066970
3066971
3066972
3066973
3066974
3066975
3066976
3066977
3066978
3066979
3066980
3066981
3066982
3066983
3066984
3066985
3066986
3066987
3066988
3066989
3066990
3066991
3066992
3066993
3066994
3066995
3066996
3066997
3066998
3066999
3067000
3067001
3067002
3067003
3067004
3067005
3067006
3067007
3067008
3067009
3067010
3067011
3067012
3067013
3067014
3067015
3067016
3067017
3067018
3067019
3067020
3067021
3067022
3067023
3067024
3067025
3067026
3067027
3067028
3067029
3067030
3067031
3067032
3067033
3067034
3067035
3067036
3067037
3067038
3067039
3067040
3067041
3067042
3067043
3067044
3067045
3067046
3067047
3067048
3067049
3067050
3067051
3067052
3067053
3067054
3067055
3067056
3067057
3067058
3067059
3067060
3067061
3067062
3067063
3067064
3067065
3067066
3067067
3067068
3067069
3067070
3067071
3067072
3067073
3067074
3067075
3067076
3067077
3067078
3067079
3067080
3067081
3067082
3067083
3067084
3067085
3067086
3067087
3067088
3067089
3067090
3067091
3067092
3067093
3067094
3067095
3067096
3067097
3067098
3067099
3067100
3067101
3067102
3067103
3067104
3067105
3067106
3067107
3067108
3067109
3067110
3067111
3067112
3067113
3067114
3067115
3067116
3067117
3067820
3067821
3067822
3067824
3067825
3067826
3067827
3070776
3070777
3072957
3074394
3075972
3076913
3076939
3077011
3077012
3077013
3077014
3077015
3077016
3077017
3077018
3077019
3077020
3077021
3077022
3077023
3077024
3077025
3077026
3077027
3077028
3077386
3077387
3077429
3077430
3077863
3079365
3082400
3088146
3095243
3095244
3095245
3098651
3101706
3104547
3104548
3109968
3111958
3111959
3111966
3111967
3111968
3118308
3118310
3118311
3129318
3129337
3129418
3129447
3129450
3129451
3129484
3129509
3129589
3129619
3129628
3129664
3129687
3129877
3129881
3129915
3129959
3129988
3130332
3130612
3130617
3130644
3130981
3131152
3131165
3131175
3131197
3131227
3131350
3131369
3131383
3131410
3131425
3131452
3131503
3131515
3131516
3131534
3131541
3131555
3131577
3131587
3131588
3131594
3131657
3131685
3131718
3131748
3131755
3131805
3131813
3131879
3132051
3132231
3132232
3132233
3132525
3132536
3132537
3132559
3132560
3132561
3132562
3133261
3133484
3133485
3133486
3133487
3133488
3133489
3135735
3138026
3139158
3139159
3139160
3139161
3156532
3156533
3156534
3156535
3157914
3157915
3229034
3229035
3229036
3229037
3229038
3229230
3230595
3232020
3232021
3250170
3299036
3344918
3344919
3349076
3349077
3349078
3349079
3366639
3366640
3366998
3371265
3371266
3371267
3371268
3371269
3371270
3371271
3371272
3371273
3372924
3372925
3372926
3372927
3373480
3380797
3381438
3381439
3381780
3382652
3383184
3387409
3394923
3398634
3398635
3398636
3398645
3398646
3398647
3398648
3398649
3398650
3398651
3398652
3398653
3398654
3398655
3398656
3398657
3398658
3398659
3398660
3398661
3398662
3398663
3398664
3398665
3398666
3399781
3412804
3412805
3412806
3412807
3414918
3414921
3414925
3414926
3418188
3418382
3431058
3431059
3446367
3447097
3448564
3451450
3454107
