12285
12286
12287
12288
35297
43761
43762
43763
43764
45475
99486
103782
123932
138672
143921
161600
179708
204734
204929
210019
210020
210021
210022
210023
210025
210026
222556
222557
235464
241433
241434
241436
247507
255685
273299
278812
279012
280585
292633
304892
327392
330379
346646
346647
346648
346649
346650
346651
346652
346653
346654
346655
349463
349464
356127
381296
412059
412060
412061
421748
421749
421750
430911
437901
437902
437903
450278
464937
464938
464939
464940
464941
464942
466246
466247
466248
466249
466250
466251
466252
466253
546552
555308
589912
596239
596240
596241
641489
657416
663279
670523
670524
670525
670526
670527
670528
670529
670530
670531
670532
670533
670534
670535
670536
670537
670538
670539
670540
670541
670542
670543
670544
670545
670546
670547
670548
670549
670550
670551
670552
681647
683176
683177
683178
683900
683901
685508
690897
713885
756849
756850
760216
760217
795380
914672
977912
977913
985092
985093
985094
1056515
1056516
1056517
1110511
1110512
1110513
1110514
1110515
1110516
1110517
1110518
1110519
1110520
1110521
1110522
1110523
1110524
1110525
1110526
1110527
1110528
1110529
1110530
1110531
1110532
1168596
1168597
1168598
1168599
1168600
1168601
1168602
1168603
1168604
1168605
1168606
1168607
1168608
1168609
1168610
1168611
1170232
1198328
1198334
1223279
1241918
1246478
1246481
1246482
1246483
1286775
1286776
1340804
1380891
1390990
1390992
1408227
1537270
1537271
1537280
1537281
1539386
1545703
1545858
1634490
1670671
1710885
1785076
1807811
1807813
1892857
1906674
1955166
2021918
2021919
2021920
2021921
2021922
2027377
2028225
2028226
2028227
2170596
2304481
2304482
2304483
2304486
2304491
2304500
2304501
2304502
2304503
2304508
2304509
2304511
2419987
2482770
2486229
2494577
2499247
2501413
2511058
2556121
2556122
2556123
2556124
2556125
2565391
2575614
2592395
2609076
2665439
2716747
2719990
2735213
2740148
2740149
2742545
2742546
2742547
2742548
2742549
2742550
2744402
2744403
2745887
2746873
2753709
2753710
2753711
2753712
2754857
2767027
2781639
2789618
2796362
2809137
2814396
2814397
2824336
2824337
2824338
2824339
2824340
2824341
2824342
2824343
2824344
2824345
2824346
2824347
2824348
2824349
2824350
2824351
2824352
2824353
2824354
2824355
2824356
2824357
2824358
2824359
2824360
2824361
2824362
2824363
2824364
2824365
2824366
2824367
2824368
2824369
2824370
2824371
2824372
2824373
2824374
2824375
2824376
2824377
2824378
2824379
2824380
2824381
2824382
2824383
2824384
2824385
2824386
2824387
2824389
2824390
2824391
2824392
2824393
2824394
2824395
2824396
2824397
2824398
2824399
2824400
2824401
2824537
2824538
2824539
2824540
2824541
2824542
2824543
2824544
2824545
2824546
2824547
2824548
2824549
2824550
2824620
2824621
2832173
2832174
2832175
2832176
2832177
2832178
2832179
2832180
2832181
2874429
2874430
2874431
2874432
2900445
2900446
2900447
2903069
2905537
2905538
2905539
2905540
2905541
2929641
2932855
2933692
2933693
2933727
2940860
2940861
2940862
2940863
2940864
2940865
2940866
2940867
2940868
2940869
2940870
2940871
2940872
2940873
2940874
2940875
2940876
2940877
2940878
2940879
2940880
2940881
2940882
2940883
2940884
2940885
2940886
2940887
2941160
2941161
2941162
2941163
2941164
2941165
2941166
2941167
2941168
2941169
2941170
2941171
2941172
2941173
2941174
2941175
2941176
2941177
2941178
2941179
2941180
2941181
2941182
2941183
2941184
2941185
2941186
2941187
2941188
2941189
2941190
2941191
2941192
2941193
2941194
2941195
2941196
2941197
2941198
2941199
2941200
2941201
2941202
2941203
2941204
2941205
2946061
2950735
2950800
2950801
2950802
2950803
2964774
2966238
2966239
2970299
2970580
2970581
2970582
2972252
2972253
2972254
2972728
2972729
2972730
2973668
3004025
3004026
3004027
3022081
3022082
3022083
3022084
3038650
3040950
3064051
3064052
3064053
3066373
3066374
3066375
3066376
3066377
3066378
3066379
3066380
3066381
3066382
3066383
3067829
3067830
3067834
3067835
3067845
3067846
3067854
3070226
3076930
3076944
3077030
3077031
3077032
3077543
3077544
3077560
3077561
3077562
3077563
3077564
3083307
3083308
3083309
3083310
3083443
3083459
3083460
3083791
3083792
3083793
3083794
3083795
3083796
3084681
3084712
3084719
3084720
3084721
3084722
3084723
3084724
3084725
3084726
3084727
3084728
3084729
3084730
3084731
3084732
3084733
3084734
3084735
3084736
3110221
3114388
3119343
3129444
3130242
3130272
3130431
3130450
3130838
3130910
3130965
3130970
3130973
3131011
3131016
3131652
3131781
3131841
3132527
3132538
3132563
3133490
3154161
3159466
3159467
3160783
3239312
3240122
3240126
3240685
3315596
3315597
3348467
3348468
3348469
3348470
3348471
3348472
3348473
3348474
3348475
3348476
3348477
3348478
3348479
3348480
3348481
3348482
3348483
3348484
3348485
3348486
3348487
3348488
3348489
3348490
3348491
3348492
3348493
3348494
3348495
3348496
3348497
3348498
3348499
3348500
3348501
3348502
3348503
3348504
3348505
3348506
3348507
3348508
3348509
3348510
3348511
3348512
3348513
3348514
3348515
3348516
3348517
3348518
3348519
3348520
3348521
3348522
3348523
3348524
3348525
3348526
3348527
3348528
3348529
3348530
3348531
3348532
3348533
3348534
3348535
3348536
3348537
3348538
3348539
3348540
3348541
3348542
3348543
3348544
3348545
3348546
3348547
3348548
3348549
3348550
3348551
3348552
3348553
3348554
3348555
3348556
3348557
3348558
3348559
3348560
3348561
3348562
3348563
3348564
3348565
3348566
3348567
3348568
3348569
3348570
3348571
3348572
3348573
3348574
3348575
3348576
3348577
3348578
3348579
3348580
3348581
3348582
3348583
3348584
3348585
3348586
3348587
3348588
3348589
3348590
3348591
3348592
3348593
3348594
3348595
3348596
3348597
3348598
3348599
3348600
3348601
3348602
3348603
3348604
3348605
3348606
3348607
3348608
3348609
3348610
3348611
3348612
3348613
3348614
3348615
3348616
3348617
3348618
3348619
3348620
3348621
3348622
3348623
3348624
3348625
3348626
3348627
3348628
3348629
3348630
3348631
3348632
3348633
3348634
3348635
3348636
3348637
3348638
3348639
3348640
3348641
3348642
3348643
3348644
3348645
3348646
3348647
3348648
3348649
3348650
3348651
3348652
3348653
3348654
3348655
3348656
3348657
3348658
3348659
3348660
3348661
3348662
3348663
3348664
3348665
3348666
3348667
3348668
3348669
3348670
3348671
3348672
3348673
3348674
3348675
3348676
3348677
3348678
3348679
3348680
3348681
3348682
3348683
3348684
3348685
3348686
3348687
3348688
3348689
3349291
3366198
3377602
3394222
3396145
3399790
3400609
3400622
3409752
3424754
3426213
3426214
3426215
3426216
3426217
3427237
3427238
3427239
3427240
3446842
3454114
