11008
11009
11010
29256
32627
42478
46241
47930
94118
155414
279539
348097
349680
349681
349682
365498
365499
376280
376599
404978
425009
463392
487210
487211
508679
518830
556524
663282
908836
908837
908838
912320
927197
927810
1075820
1075821
1133752
1163537
1167690
1167691
1167692
1226531
1300323
1442158
1497848
1678161
1678162
1678163
1678164
1678165
1678166
1678167
1678168
1678169
1678170
1678171
1678172
1678173
1678183
1678184
1678185
1678186
1708381
1708485
1714362
1714363
1714364
1714365
1714366
1714367
1714368
1714369
1714370
1729670
1755467
1756285
1777016
1778194
1778195
1825500
1856030
1862312
1870981
1874267
1898175
1905690
1921825
1922370
1923308
1923730
1923731
1930605
1931373
1955172
1964429
2045189
2045190
2045191
2045192
2045193
2045194
2045195
2045196
2048536
2048537
2048538
2048539
2048540
2048541
2048542
2048543
2048544
2056553
2057198
2080260
2137354
2170233
2170548
2170593
2248770
2304495
2304496
2364203
2364204
2364205
2461417
2484112
2501049
2501050
2501051
2501052
2501053
2501054
2501055
2501056
2501057
2501058
2527766
2527767
2527768
2552992
2560017
2560018
2583334
2584813
2587582
2592691
2592692
2592693
2592694
2592695
2592696
2592697
2592698
2592699
2592700
2592701
2592702
2592703
2592704
2592705
2593963
2593997
2600340
2651944
2651945
2651946
2651947
2661693
2665959
2687247
2687248
2687249
2687250
2687251
2689132
2689133
2689134
2689135
2689138
2689139
2689140
2689336
2689337
2689338
2689339
2699151
2699153
2699154
2706913
2706914
2716730
2716731
2716732
2719807
2719839
2719840
2719841
2719842
2719843
2719844
2719845
2719846
2719847
2719848
2719849
2719850
2719851
2719852
2719853
2719854
2719855
2719856
2719857
2719858
2719859
2719860
2719861
2719862
2727863
2727864
2729340
2729342
2735227
2737092
2737093
2737094
2737095
2737096
2737097
2737098
2748773
2753714
2755153
2755154
2755155
2761168
2766745
2767024
2776824
2787045
2789620
2800856
2805773
2805774
2805775
2805801
2805802
2805803
2805804
2811342
2812447
2814076
2817034
2818415
2829526
2829560
2832222
2832223
2832224
2838392
2845829
2845830
2849063
2855312
2855313
2859898
2859899
2859900
2875838
2880255
2881182
2883587
2883588
2883589
2883590
2883715
2883716
2883717
2883718
2883719
2883720
2883721
2883722
2883723
2886239
2894007
2900477
2900515
2900516
2900517
2900518
2902950
2903085
2904329
2905244
2905245
2905246
2905247
2905248
2905249
2905250
2905251
2905252
2905253
2905254
2905255
2905256
2905257
2905258
2905259
2905260
2905261
2905262
2905263
2905264
2905265
2905266
2905267
2905268
2905269
2905270
2905271
2905272
2905273
2905280
2905281
2905282
2905283
2905284
2905285
2905286
2905287
2905531
2905532
2905533
2912688
2912689
2912691
2912692
2912693
2912697
2912698
2912702
2912705
2912708
2912711
2916962
2916963
2918175
2919399
2926573
2926574
2929642
2930201
2932857
2933114
2933116
2933122
2933123
2933124
2933125
2933126
2933128
2933129
2933130
2933131
2933139
2933682
2933685
2933690
2933694
2933695
2934783
2950335
2950741
2950806
2950807
2950808
2951467
2952007
2952008
2952009
2952010
2952011
2952012
2952013
2952014
2952015
2952016
2952017
2955014
2957731
2966558
2970568
2970569
2970571
2970610
2970611
2970612
2970613
2970614
2970615
2970616
2970618
2970619
2970620
2970621
2970622
2970623
2970624
2970625
2970626
2970627
2970628
2970629
2970630
2970632
2970633
2970634
2970637
2970638
2970639
2970640
2970641
2970642
2970643
2970645
2970646
2970648
2970649
2970651
2970699
2970700
2970701
2970702
2970703
2970708
2970709
2970710
2970716
2970717
2970718
2970720
2970723
2970725
2970729
2970730
2970732
2971326
2971327
2971328
2971329
2972000
2972343
2972344
2972345
2972346
2972347
2972348
2972349
2972350
2972351
2972352
2972353
2972354
2972355
2972356
2972357
2972358
2972359
2972360
2972361
2972362
2972363
2972364
2972365
2972893
2972894
2972895
2972896
2972897
2972898
2972899
2972900
2972901
2972902
2972903
2972904
2972905
2972906
2972907
2972908
2972909
2972910
2972911
2976302
2976303
2976304
2976305
2976306
2976307
2976308
2976309
2976310
2976311
2976312
2976313
2976314
2976315
2976316
2976317
2976318
2976319
2976320
2976321
2977597
2977598
2977599
2977600
2980973
2980974
2980975
2980976
2980977
2980978
2980979
2980980
2980981
2992261
2993668
2993669
2996479
3015534
3025179
3034769
3044052
3044353
3044354
3044355
3048756
3048757
3048758
3051325
3051703
3058115
3058116
3058127
3059017
3059018
3064182
3064724
3064727
3071459
3072952
3072962
3072963
3075233
3076665
3076666
3076667
3076668
3076669
3076907
3076929
3076936
3076937
3076938
3076943
3077374
3077436
3077437
3077849
3077855
3095224
3095253
3095254
3118305
3119900
3129033
3129322
3129362
3129403
3129408
3129577
3129616
3129677
3130225
3130245
3130262
3130277
3130308
3130319
3130422
3130485
3130502
3130540
3130578
3130588
3130726
3130734
3130774
3130785
3130786
3130792
3130807
3130809
3130884
3130894
3130932
3130941
3130954
3130964
3131007
3131071
3131092
3131103
3131106
3131121
3131123
3131124
3131139
3131247
3131269
3131532
3131554
3131596
3131843
3131880
3131883
3131909
3132236
3132237
3132257
3133118
3133264
3133265
3135734
3135740
3138866
3138867
3139125
3143166
3143507
3145067
3154166
3159486
3159487
3159488
3160789
3161584
3180357
3229900
3234114
3234115
3239317
3240694
3240695
3240696
3240697
3240698
3344939
3344940
3344941
3344942
3348831
3348832
3348833
3348834
3348835
3348836
3348837
3348838
3348839
3348840
3348841
3348842
3348843
3348844
3348845
3348846
3348847
3348848
3348849
3348850
3348851
3348852
3348853
3348854
3348855
3348856
3348857
3348858
3366666
3367766
3371280
3371288
3372930
3375457
3375458
3380799
3380800
3380801
3381614
3384750
3393503
3397031
3399442
3399443
3399444
3399445
3399446
3412813
3412814
3412815
3412816
3414160
3414928
3414929
3415261
3415262
3418193
3432940
3432941
3432942
3432943
3432944
3432945
3432946
3432947
3432948
3432949
3432950
3432951
3432952
3432953
3432954
3432955
3432956
3432957
3432958
3432959
3432960
3432961
3432962
3432963
3432964
3432965
3432966
3432967
3432968
3432969
3432970
3432971
3436047
3446368
3446844
3448569
3449219
