29257
37960
37961
46618
54289
75747
91913
148880
152334
159132
160484
186815
191436
216371
233048
233049
233050
235434
235994
279540
284688
284689
292052
295020
296210
319460
319963
328694
335204
344866
347482
348449
349683
351495
358008
369643
403698
425010
463391
474453
479713
492502
509923
511616
529380
568090
580254
589918
631431
641014
647331
654934
659497
674982
674983
674984
675060
694466
714615
748427
766191
859651
872291
882768
908835
912029
942041
942042
942043
942734
1027415
1050903
1075819
1115692
1148492
1148493
1148494
1183241
1198146
1211779
1212507
1232468
1233097
1249677
1256786
1256788
1295012
1310424
1323523
1323524
1323525
1323528
1323529
1342372
1342373
1342376
1346082
1352512
1354497
1387300
1387301
1405300
1408894
1408895
1411681
1415665
1415706
1461372
1469905
1469906
1469907
1469908
1482735
1511840
1511847
1518697
1520124
1520125
1521173
1551557
1551558
1561395
1561396
1561440
1562381
1573459
1601835
1647281
1651190
1651191
1651192
1651193
1651194
1651195
1678174
1678187
1685502
1708484
1708711
1718592
1719265
1719266
1740644
1740645
1747648
1756157
1768871
1768874
1768875
1770615
1825688
1848504
1849335
1849533
1849534
1871267
1891704
1898954
1903436
1903549
1903550
1903551
1903552
1905681
1905687
1913603
1929006
1932863
1937817
1955169
1955170
1960320
1964419
1964420
1964421
1964422
1968821
1970086
1970087
1970088
1970089
1970090
1970091
1970107
1970108
1970109
1970110
1970223
1980625
1980631
1985162
1985163
2013907
2021951
2021952
2025333
2025583
2025584
2028130
2030912
2034336
2034993
2034994
2036870
2038085
2043550
2043551
2045045
2045504
2050969
2052564
2052565
2052566
2052567
2052568
2052569
2052570
2052890
2052891
2056545
2056550
2080262
2083275
2086649
2086650
2172040
2172534
2184749
2202322
2202811
2202812
2202813
2202814
2231769
2231772
2250452
2259779
2269000
2291835
2304517
2305257
2421281
2448897
2483307
2485916
2485917
2487727
2488832
2491351
2491352
2497942
2501034
2501035
2501036
2501037
2501038
2501039
2501040
2501041
2501042
2501043
2501044
2501045
2501046
2501047
2501048
2501264
2501270
2509226
2518124
2518596
2552990
2552991
2562459
2587766
2590841
2592706
2592707
2592708
2592709
2592710
2592711
2592712
2592788
2592915
2592916
2593932
2593933
2593934
2593935
2593936
2593937
2593938
2593939
2593940
2593941
2593942
2593943
2593944
2593945
2593946
2593947
2594108
2598877
2600094
2600109
2600110
2603562
2651937
2651938
2653963
2654689
2654690
2654691
2675460
2675461
2675462
2675463
2686047
2686048
2689326
2689327
2689328
2689329
2689330
2689331
2689983
2689984
2691998
2691999
2692000
2692001
2692002
2692003
2692004
2692005
2692006
2692007
2695426
2699379
2699380
2699381
2699382
2699383
2699384
2699385
2699386
2699387
2699388
2699389
2699390
2699391
2699392
2699393
2709552
2709553
2709554
2715690
2716560
2716652
2716653
2716654
2716655
2716656
2716657
2716658
2716659
2716660
2716661
2716662
2716663
2716664
2716665
2716666
2716667
2716668
2716669
2719811
2726936
2726937
2726938
2732658
2737078
2737079
2737080
2737081
2737082
2737083
2737084
2737085
2737086
2737087
2737088
2737089
2737090
2737091
2740145
2740146
2740147
2741542
2741647
2741649
2742540
2742541
2742551
2742552
2747488
2748924
2749431
2755149
2759331
2759332
2759333
2759761
2760414
2765856
2765857
2765858
2765868
2768770
2776809
2776810
2776811
2776812
2777529
2778512
2778513
2778514
2778515
2778759
2778760
2778761
2778762
2778763
2778764
2778765
2778766
2778767
2784448
2784735
2784736
2784737
2784738
2784739
2784745
2784746
2784747
2788118
2789619
2794235
2796573
2801003
2801004
2801005
2801006
2801007
2801008
2801009
2801010
2801011
2801045
2802525
2805761
2805762
2805763
2805764
2806428
2806514
2809141
2809262
2809263
2809264
2809265
2809266
2809267
2809420
2813171
2814403
2814404
2814410
2819936
2820917
2824806
2824807
2824808
2824809
2826957
2828344
2829172
2831433
2832152
2832153
2832154
2832155
2832156
2832157
2832158
2832159
2832160
2832161
2832162
2832163
2832164
2832165
2832166
2832167
2835265
2838378
2838390
2851960
2851961
2851962
2851963
2851964
2854390
2855388
2859896
2864003
2864004
2864005
2864006
2864384
2870619
2870787
2871150
2871719
2874023
2874028
2874029
2874030
2874421
2874422
2874423
2874424
2874425
2874426
2874427
2874428
2874460
2875492
2875493
2877865
2880256
2880274
2880275
2880881
2881173
2881174
2881175
2881176
2883584
2883585
2883586
2883724
2883725
2883727
2883728
2892537
2894006
2894776
2894777
2894928
2897424
2900388
2900389
2900390
2900391
2900392
2900393
2900394
2902946
2903083
2903084
2904389
2904973
2905574
2905575
2908105
2912685
2912976
2917554
2918173
2921228
2923176
2923183
2932874
2933089
2933090
2933091
2933092
2933093
2933094
2933095
2933096
2933097
2933098
2933099
2933100
2933143
2933144
2933356
2933674
2933675
2933676
2933677
2938341
2938342
2939135
2940888
2940889
2940890
2946063
2946064
2946065
2950819
2950820
2950821
2950822
2950823
2950824
2950886
2963342
2966559
2969220
2970234
2970246
2970295
2970583
2970584
2970585
2970609
2970617
2970631
2970635
2970636
2970644
2970647
2970650
2970694
2970695
2970696
2970697
2970705
2970706
2970707
2970711
2970719
2970721
2970722
2970724
2970727
2970728
2970731
2971006
2971330
2971967
2971968
2971969
2971970
2971971
2971972
2971973
2971974
2971975
2971976
2971977
2971978
2971979
2971980
2971981
2971982
2971983
2971984
2972265
2972266
2972267
2972268
2972269
2972270
2972271
2972272
2972273
2972274
2972275
2972276
2972277
2972278
2972279
2972280
2972281
2972282
2972691
2972878
2972879
2972880
2972881
2972882
2972883
2972884
2972885
2972886
2972887
2972888
2972889
2972890
2972891
2972892
2974658
2975238
2975239
2975240
2976121
2979640
2979641
2980392
2980393
2981719
2983643
2983679
2983918
2985709
2985710
2992033
2992847
2992855
2994966
2999081
2999082
2999083
3015518
3015523
3016329
3016330
3016331
3016332
3018984
3018985
3018986
3022014
3023681
3026164
3026165
3026166
3028209
3032028
3032463
3032475
3035318
3036361
3036362
3036363
3036364
3037152
3037153
3038579
3038580
3038581
3038601
3038615
3038616
3038617
3038618
3038619
3038620
3041005
3041833
3041834
3041913
3043485
3043488
3043489
3043494
3046182
3048684
3050371
3051324
3056759
3058121
3058615
3062775
3062776
3064808
3067204
3067205
3067206
3067207
3067208
3067209
3067210
3067211
3067212
3067213
3067214
3067215
3067216
3067217
3067218
3067219
3067220
3067221
3067222
3067223
3067224
3067225
3067226
3067227
3067228
3067229
3067230
3067231
3067232
3067233
3067234
3067235
3067236
3067237
3067238
3067239
3067240
3067241
3067242
3067243
3067244
3067245
3067246
3067247
3067248
3067249
3067250
3067251
3067252
3067253
3067254
3067255
3068383
3071141
3071797
3071798
3071805
3071806
3072197
3072946
3073354
3075344
3075447
3075974
3075975
3076763
3076903
3076914
3076921
3076931
3076942
3076945
3077033
3077034
3077035
3077365
3077388
3077435
3078396
3078405
3078411
3078417
3081137
3093637
3103131
3104553
3113821
3115460
3115581
3115824
3116775
3118056
3118057
3118312
3118313
3118314
3119341
3119342
3119344
3119604
3119878
3119879
3119880
3119881
3119882
3125852
3127494
3128880
3129706
3129846
3129869
3129873
3129890
3129942
3129998
3129999
3130001
3130013
3130182
3130223
3130226
3130318
3130333
3130363
3130459
3130467
3130481
3130517
3130615
3130789
3131048
3131068
3131094
3131100
3131126
3131236
3131244
3131245
3131255
3131259
3131278
3131330
3131337
3131402
3131528
3131536
3131542
3131560
3131570
3131656
3131807
3131835
3131866
3131877
3131892
3133263
3133501
3135736
3135737
3135738
3136171
3143976
3151620
3159476
3160785
3162543
3162544
3229043
3229044
3230597
3231912
3231923
3232014
3232022
3233864
3234093
3234094
3234110
3237256
3238293
3238295
3239313
3239314
3240686
3240687
3342688
3344922
3349067
3349080
3349081
3349082
3349083
3349084
3371277
3371278
3372928
3373641
3376700
3377994
3383190
3398667
3398668
3398822
3398823
3398824
3398827
3398828
3398829
3398830
3398831
3398832
3399453
3400824
3401105
3407642
3409755
3412810
3412811
3412812
3415977
3416576
3416577
3419777
3426225
3426226
3426227
3426228
3426229
3426230
3426231
3426232
3426233
3426234
3426235
3426236
3426237
3426238
3427246
3427247
3427248
3427249
3427250
3427251
3427252
3427253
3427254
3427255
3427256
3427257
3427258
3427259
3427260
3427261
3427262
3428128
3428206
3428207
3428208
3428209
3428210
3428931
3428932
3428933
3428934
3428935
3428936
3428937
3428938
3435198
3435399
3446375
3446376
3448566
3451652
3453531
3454106
3459172
