104395
145856
442302
442303
442304
442305
442306
442307
442308
464983
464984
464985
464986
464987
573165
573166
573167
573168
585894
585895
604236
604237
647332
658402
702848
889684
914027
926537
926538
926539
926540
926541
926542
928727
933486
933487
933488
933489
933490
933491
933492
1068737
1068738
1068739
1068740
1074207
1074208
1084372
1138486
1187973
1195192
1195193
1195194
1195195
1195196
1195197
1195198
1195199
1195200
1195201
1195202
1195203
1195204
1195205
1195206
1195207
1195208
1195209
1195210
1195211
1195212
1195213
1195214
1195215
1195216
1195217
1195218
1195219
1195220
1195221
1195222
1195223
1195224
1195225
1195226
1195227
1195228
1195229
1195230
1195231
1195232
1195233
1195234
1195235
1307517
1307518
1307519
1307520
1307521
1307522
1307523
1307524
1307525
1328056
1348441
1350483
1353791
1353792
1382266
1417758
1494923
1497566
1504556
1504565
1525176
1525177
1525178
1525179
1566334
1574421
1595999
1659810
1659811
1659812
1659813
1673642
1673643
1673645
1673646
1676480
1678159
1680129
1690685
1690686
1690687
1690688
1690689
1690690
1690691
1690692
1690693
1690694
1690695
1690696
1690697
1690698
1690699
1690700
1690701
1690702
1690703
1690704
1690705
1690706
1690707
1690708
1690709
1690710
1690711
1690712
1690713
1690714
1690715
1690716
1690717
1690718
1690719
1690720
1690721
1690722
1690723
1690724
1690725
1690726
1690727
1690728
1690729
1690730
1690731
1690732
1690733
1690734
1690735
1690736
1690737
1690738
1690739
1690740
1690741
1690742
1690743
1690744
1690745
1690746
1690747
1690748
1690749
1690750
1690751
1690752
1690753
1690754
1690755
1690756
1690757
1690758
1690759
1690760
1690761
1690762
1690763
1690764
1690765
1690766
1690767
1690768
1690769
1690770
1690771
1690772
1690773
1690774
1690775
1690776
1690777
1690778
1690779
1690780
1690781
1690782
1690783
1690784
1690785
1690786
1690787
1690788
1690789
1690790
1690791
1690792
1690793
1690794
1690795
1690796
1690797
1690798
1690799
1690800
1690801
1690802
1690803
1690804
1735587
1777985
1777986
1778377
1873467
1873468
1873469
1906672
1907787
1917082
1930304
1961155
1961162
1977295
2078788
2078789
2078790
2078791
2078792
2078793
2078794
2078795
2078796
2078797
2078798
2078799
2078800
2078801
2078802
2078803
2078804
2078805
2078806
2078807
2078808
2078809
2078810
2078811
2078812
2078813
2078814
2078815
2078816
2078817
2078818
2078819
2078820
2078821
2078822
2078823
2078824
2078825
2116425
2116426
2161795
2169480
2169481
2169482
2169483
2171388
2171389
2171390
2212779
2212780
2212781
2212790
2461423
2529453
2529454
2529455
2529456
2529457
2529458
2575833
2577068
2577069
2592489
2592490
2592491
2592517
2597686
2684263
2716675
2716676
2716677
2716678
2716679
2716680
2716681
2716682
2716683
2723956
2734496
2752436
2763909
2767021
2767022
2793985
2803580
2809674
2827300
2828015
2832168
2832169
2832170
2832171
2832172
2849743
2888280
2888281
2919602
2933227
2933228
2933229
2933230
2933231
2933232
2933233
2933234
2933235
2946066
2956251
2956252
2960910
2960911
2979759
2986095
2993524
3004036
3004037
3004038
3029007
3049984
3068787
3077550
3077551
3077566
3077567
3077568
3077569
3077570
3077571
3077572
3077573
3077574
3081628
3081629
3081630
3081631
3081632
3081633
3081634
3081635
3085324
3095311
3129329
3129357
3129430
3129559
3129652
3129678
3129682
3130005
3130014
3130034
3130188
3130189
3130203
3130208
3130209
3130227
3130265
3130468
3130722
3130749
3130824
3130836
3130905
3130906
3130914
3130922
3130935
3130983
3130996
3131021
3131102
3131104
3131119
3131122
3131129
3131134
3131135
3131394
3131400
3131405
3131423
3131510
3131521
3131612
3131639
3131684
3131710
3131764
3131795
3131851
3131864
3131874
3131882
3131906
3132053
3132071
3132072
3132073
3237979
3348859
3348860
3348861
3348862
3348863
3348864
3348865
3348866
3348867
3348868
3348869
3348870
3348871
3348872
3348873
3348874
3348875
3348876
3348877
3348878
3348879
3348880
3348881
3348882
3348883
3348884
3348885
3348886
3348887
3348888
3348889
3348890
3348891
3348892
3348893
3348894
3348895
3348896
3348897
3348898
3348899
3348900
3348901
3348902
3349238
3349239
3349240
3349241
3349242
3349243
3349244
3349245
3349246
3349247
3349248
3349249
3349250
3349251
3349252
3349253
3349254
3349255
3349256
3349257
3349258
3349259
3349260
3349261
3349262
3349263
3349264
3349265
3349266
3349267
3349268
3349269
3349270
3349271
3349272
3349273
3349274
3349275
3349276
3349277
3349278
3349279
3349280
3349281
3349282
3349286
3349287
3349288
3434951
3452187
3452188
3452189
3452190
3452191
3452192
3452193
3452194
3452195
3452196
3452197
