12060
12062
12063
12064
12065
12066
12067
12068
12069
12070
12071
12072
12073
12074
12075
12076
12077
12078
12079
12080
12081
12082
12083
12084
12085
12086
12087
12088
12089
12090
12092
12093
12097
12098
12099
12100
12101
12102
12104
12105
12106
12107
12110
12111
12112
12113
12114
12115
12116
12117
12118
12120
12121
12122
12123
12124
12125
12126
12127
12130
12131
12132
12134
12135
12468
31702
31704
31705
31706
31707
31708
31915
33757
33758
35292
35293
35294
35295
35296
36404
37556
39054
39085
39767
40278
40280
41846
42769
42770
42771
42772
42773
42774
42775
42776
42778
42779
42780
42781
42782
42783
42784
42785
42786
42787
42788
42789
44128
44129
44130
44131
44132
44133
44134
44135
44136
44137
45101
45999
46018
46289
46290
46291
46292
46633
47000
47001
47501
47502
47503
47504
47505
47506
47507
47508
47509
47510
47511
47512
47513
47514
47515
47516
47517
47681
53259
64141
69153
69159
69598
70796
72149
73481
73482
74561
75201
82639
85506
86107
86108
90010
90011
103902
103903
103904
103905
103906
103907
103908
103909
103910
103911
103913
103914
103915
103922
106607
106608
106966
106968
109346
109347
109348
109349
109350
110195
110927
110928
118043
118044
118045
118046
118047
118140
119524
120087
122961
122962
123738
128709
129215
135733
135788
135790
135855
138679
138680
138681
138682
138683
138684
138694
138948
138949
138950
138951
145389
145390
147672
147673
147674
147675
147676
147677
147678
147679
147680
147681
147683
147684
147685
147711
147712
147714
147720
147721
147722
147723
147724
147725
147726
147727
150715
150716
150717
150718
150719
150720
150846
150904
152632
152633
152634
152635
155429
155430
155431
156647
159464
161716
161727
161728
161729
161730
161731
167321
167322
167323
167324
167325
167326
167327
167328
167329
167330
167331
168014
168586
169066
170742
170743
170744
170745
170746
170747
170748
170749
170750
170751
170752
170753
170754
170755
170756
170757
170758
170759
170760
170761
170762
170763
170764
170765
170766
170767
170768
170769
170770
170771
170772
170773
170774
170775
170776
170777
170778
170779
170780
170781
170782
170783
170784
170785
170786
170787
170788
170789
170790
170791
170792
170793
170794
170795
170796
170797
170798
170799
170800
170801
170802
170803
170804
170805
170806
170807
170808
170809
170810
170836
171720
172022
172023
172026
172027
172028
172029
172030
172034
172036
172038
172314
172315
172316
172317
173292
176283
176284
184753
184754
185889
185890
185891
185892
185893
185894
185895
185896
185897
185898
185899
185900
185901
185902
185903
185904
185905
185906
185907
185908
185909
185910
185911
185912
185913
185914
185915
185916
185917
185918
185919
185920
185921
185922
185923
185924
185925
185926
185927
185928
185929
185930
185931
185932
185933
185934
185935
185936
185937
185938
185939
185940
185941
185942
185943
185944
185945
185946
194965
195055
200154
201466
201489
204711
204729
208726
220228
220409
220410
220411
222887
222888
222889
230161
231417
231473
231474
232123
232124
232125
232126
232127
232128
232129
232130
232131
232132
232133
232134
232135
232136
232137
232138
232139
232140
232141
232142
232143
232144
232145
232146
235406
242711
244367
263531
263532
263950
267429
268972
269638
270338
282345
287018
290057
297248
304297
306586
306587
306588
310755
310756
310907
312185
317879
317880
318563
318564
318565
318566
318567
318568
318569
318570
318571
318573
321842
321844
322073
325445
325446
325447
329688
329689
329690
332476
332477
332478
332479
348531
359958
359959
359960
362784
363168
363169
363170
363171
363191
363231
372784
372785
376147
376148
379525
380124
386455
390157
398064
398065
398066
399502
407965
407966
407967
407968
407969
407970
407971
407972
408681
411152
412463
414088
414089
414090
414091
414092
414093
414094
414095
414096
414097
414098
414099
414100
414101
414102
414103
414104
414105
414106
414107
414108
414109
414110
414111
414112
414113
414114
414115
414116
414117
427748
427749
433730
433731
433732
434308
434309
435275
442851
442852
442853
442854
442856
442857
442859
442860
446769
446770
446771
461287
461288
461289
461290
461291
461292
461293
461294
461295
461296
463676
464094
469959
470422
470423
470424
470591
470592
470593
470594
471728
474341
475778
475779
475780
478825
478832
478833
478834
478835
478836
478837
478838
478839
478840
478841
478842
478843
478844
478845
478846
478847
478848
478849
478850
478851
478852
478853
478854
478855
478856
478857
478858
481492
481493
481494
481495
481496
481497
481498
481499
481500
481501
481502
481503
481504
481505
481506
481507
481508
481509
481510
481511
481512
481513
481514
481515
481516
481517
492576
499891
500025
500026
500027
500028
500029
500030
500031
500032
500033
500034
500035
500036
500037
500038
500039
500040
500041
500042
500043
500044
500045
500046
500047
500048
500049
500050
500051
500052
500053
500054
500055
500056
503449
503450
503451
503452
503453
503454
503455
503456
503457
511755
529419
532080
532081
532082
532083
532084
532085
532086
532087
532088
532089
532090
532091
532092
532093
532094
532095
532096
532097
532098
532099
532100
532101
532102
533185
537508
537509
537510
537511
537512
537513
537514
537515
537516
537517
537518
537519
537520
537521
537522
537523
537524
537525
537526
537527
537528
537529
537530
537531
537532
537533
537534
537535
537536
537537
537538
537539
537540
537541
537542
537543
537544
537545
537546
537547
537548
537549
537550
537551
537552
537553
537554
537555
537556
537557
537558
537559
537560
537561
537562
537563
537564
537565
537566
537567
537568
537569
537570
537571
537572
537573
537574
537575
537576
537577
537578
537579
537580
537581
537582
537583
537584
537585
537586
537587
537588
537589
537590
537591
537592
537593
542654
544573
546676
546677
546678
546679
546680
546681
546682
546683
546684
546685
546686
546687
546688
546689
546690
546691
546692
546693
546694
546695
546696
546697
546698
546699
546700
546701
546702
546703
546704
546705
546706
546707
546708
546709
546710
546711
546712
546713
546714
546715
546716
546717
546718
546719
546720
546721
546722
546723
546725
546726
546727
546728
546729
549384
552873
552874
552875
552876
568307
568308
568309
568310
568311
568312
568313
568314
568315
568316
568317
568318
568319
568320
568321
568322
568323
568324
568325
568326
568327
568328
568329
568330
568331
568332
568333
568334
568335
568336
568337
568338
568339
568340
568341
568342
568343
568344
568345
568346
568347
568348
568349
568350
568351
568352
568353
568354
568355
568356
568357
568358
568359
568360
568361
568362
568363
568364
568365
568366
568367
568368
568369
568370
568371
568372
568506
568507
569195
571504
571505
573824
577566
578617
582384
586420
586421
586424
586426
586427
586428
586429
586430
586431
586432
586433
586434
586435
586436
586437
586438
586439
586440
586441
586442
586443
586444
586445
586446
586447
586448
586449
586450
586451
586452
586453
586458
586460
586461
586462
586463
586464
586465
586466
586467
586468
586469
586470
586471
586472
586473
586474
586475
586476
586477
586478
586479
586480
586481
586482
586483
586484
586485
586486
586487
586488
586489
586490
586491
586492
586493
586494
586495
586496
586497
586498
586499
586500
586502
586503
586504
586505
586506
586507
586508
586509
586510
592333
592334
592335
602074
611726
611727
611728
611729
611730
611731
611732
611733
611734
611735
611736
611737
611738
611739
611740
611741
611742
611743
611744
611745
611746
611747
611748
611749
611750
611751
611752
611753
611754
611755
611756
611757
611758
611759
611760
611761
611762
611763
611764
630715
630716
630717
630718
630719
630720
631415
631416
631417
631418
631419
631420
631421
631422
631423
631424
631425
631426
631427
631428
631429
647366
647367
647368
647369
647370
647371
647372
647373
647374
649897
650130
650131
650132
650136
651733
652723
652836
655314
655428
655603
662896
664661
673840
673841
686944
686983
686984
686985
687870
687871
687872
688450
688451
688452
688453
688454
688455
688456
688457
688458
688459
688460
688461
688462
688463
688464
688465
688466
689613
689614
689615
691956
693066
693992
703582
707153
741955
741956
741957
741958
741959
741960
741961
741962
754527
759716
759804
764236
764237
764238
764239
764240
764241
764242
764243
764244
764245
764246
764247
764248
764249
764250
764251
764252
764253
764254
764255
764256
764257
764258
764259
764260
764261
764262
764263
764264
764265
764266
764267
764268
795372
795373
795374
795375
795376
796900
796901
796902
796903
796904
796905
796906
796907
796908
796909
796910
857196
858567
858568
858569
858570
858571
858572
858573
861519
862243
864558
864559
864560
864561
871218
871699
871700
871701
885375
885376
885377
885378
909390
909391
909392
909393
909394
909395
909396
909397
909666
928289
928290
931917
931918
931919
931920
931921
931922
938257
941281
941282
941283
941284
941285
941286
941287
941288
941289
941290
941291
941292
941293
941294
941295
941296
941297
941298
941299
941300
941301
941302
941303
941304
941305
941306
941307
941308
941309
941310
941311
941312
941313
941314
941315
941316
941317
941318
941319
941320
941321
941908
941909
947523
980963
980964
980965
990147
990662
990663
990664
990665
990666
990667
990668
990669
990670
991803
991902
992230
992231
1001056
1001057
1001058
1001059
1001061
1001062
1001308
1001321
1002918
1002920
1002921
1005902
1005903
1005904
1006008
1006061
1006062
1006063
1008433
1008434
1028489
1033850
1048225
1048226
1048227
1048228
1048229
1048230
1048231
1048232
1048233
1048235
1048236
1048237
1052664
1052665
1071164
1072676
1072677
1073966
1073967
1073968
1074209
1074213
1074428
1074863
1074864
1074865
1077430
1082189
1089138
1108810
1112700
1131623
1132022
1133974
1134340
1136133
1141624
1141754
1150861
1155188
1156749
1156769
1168173
1181288
1181289
1181290
1181291
1181292
1181709
1181711
1193974
1194163
1194164
1194444
1195279
1195366
1196228
1196647
1201016
1201017
1201018
1214230
1219376
1219377
1219378
1219379
1219380
1219381
1219404
1219405
1219406
1219407
1219413
1219416
1219419
1219761
1220265
1221646
1222038
1222039
1222040
1222041
1222042
1222043
1222044
1222045
1222046
1222047
1222048
1222049
1222050
1222051
1224522
1224524
1225730
1233320
1233383
1240004
1240976
1245562
1245563
1245564
1245565
1245566
1247839
1248130
1248131
1248132
1248133
1248134
1248136
1248331
1248332
1248333
1281440
1281456
1281469
1293536
1294177
1295562
1295563
1298633
1300945
1300981
1300982
1300983
1300984
1300985
1300986
1300987
1300988
1300989
1300990
1300991
1300992
1300993
1300994
1300995
1300996
1300997
1300998
1300999
1301000
1301001
1301002
1301003
1301004
1301005
1301006
1301007
1301008
1301009
1301010
1301011
1301012
1301013
1301014
1301015
1313215
1313216
1329782
1330066
1330068
1330070
1330491
1330520
1330521
1330524
1330992
1330993
1330994
1330995
1330996
1330997
1330998
1330999
1335473
1335747
1335748
1335749
1335750
1335751
1350000
1350001
1379161
1379496
1393011
1393012
1393013
1393014
1393015
1393016
1393018
1393019
1393020
1393021
1393022
1393023
1393024
1394138
1394142
1399966
1401263
1406975
1408898
1416021
1418031
1418033
1418035
1418041
1418042
1418043
1418062
1418064
1418065
1418066
1418067
1418069
1418070
1425211
1427977
1431460
1431474
1435148
1442164
1452516
1452533
1453322
1476551
1476554
1477515
1477516
1481452
1481453
1482734
1483681
1484573
1501435
1504546
1504547
1511772
1511773
1511776
1511779
1511781
1511783
1511784
1511785
1511803
1511805
1511806
1511807
1521109
1523262
1523263
1523264
1523265
1523266
1523267
1523268
1523269
1523270
1523271
1523272
1523273
1523274
1523275
1523276
1523277
1523278
1523279
1523280
1523281
1523282
1523283
1523284
1523285
1523286
1523287
1523288
1523289
1523290
1523291
1523292
1523293
1523294
1530246
1530247
1530248
1530249
1530250
1530251
1534544
1534545
1534546
1534547
1534548
1534549
1534550
1547495
1548189
1554483
1562048
1562049
1562051
1562063
1562064
1562067
1562068
1562069
1562074
1564115
1565990
1566005
1566337
1569923
1578826
1582094
1603962
1603963
1603964
1604833
1604871
1604872
1606764
1606765
1609159
1628834
1637527
1641896
1659219
1659220
1659771
1659782
1659783
1659784
1659785
1659786
1659787
1659788
1659789
1659790
1659814
1659815
1659816
1659817
1659818
1659819
1661395
1661747
1676481
1676482
1676483
1690262
1690263
1708025
1708026
1708027
1708028
1708029
1708030
1708031
1708032
1708033
1708034
1708035
1708036
1708037
1708572
1714360
1714361
1714618
1717189
1717190
1717191
1717192
1737565
1745247
1745248
1745249
1745250
1746030
1755588
1755590
1756286
1756444
1766555
1766556
1766557
1766558
1766559
1766560
1766561
1766562
1766563
1766564
1766565
1766566
1766567
1768064
1778196
1778197
1780058
1790059
1790067
1803956
1803957
1803958
1803959
1803960
1803961
1819751
1819752
1821743
1821745
1821746
1821747
1821748
1821749
1821750
1821751
1821752
1821753
1821754
1821755
1826059
1836608
1839669
1839671
1839672
1849328
1871149
1871150
1871151
1871152
1888309
1888312
1897731
1902501
1902502
1906354
1906355
1906356
1914568
1914574
1914575
1914576
1917070
1917071
1917079
1917083
1917412
1917415
1926511
1929150
1930506
1958774
1958775
1958776
1958777
1960206
1964370
1964371
1982742
1985982
1985983
1986958
1986959
1986960
1987123
1987124
1987125
1987126
1987127
1987128
1987129
1987130
1987139
1987140
1987141
1987142
1987143
1987144
1987145
2003391
2003498
2003499
2003500
2003649
2003650
2003651
2003652
2004714
2004715
2013564
2015550
2016447
2016448
2016449
2016450
2016451
2016452
2017720
2017721
2018683
2024552
2025079
2031165
2031166
2032983
2034827
2034828
2035045
2039694
2039781
2039782
2039783
2039784
2040663
2041148
2045064
2045065
2045066
2045067
2045068
2045069
2045070
2045071
2045072
2045073
2045074
2045075
2045076
2045077
2045078
2045079
2045080
2058161
2065210
2065211
2067739
2069371
2079465
2079598
2080833
2080834
2094116
2094719
2107573
2108520
2116175
2116178
2116180
2116182
2116187
2116188
2116189
2116194
2116197
2116198
2116201
2116202
2116206
2116207
2152662
2161803
2161804
2161808
2161809
2161810
2161811
2169685
2169775
2169853
2169854
2169884
2169885
2169965
2169966
2170004
2170005
2170006
2170007
2170008
2170052
2170191
2171391
2184403
2184404
2184405
2200757
2212747
2212748
2212751
2218594
2219164
2219165
2219166
2219167
2220002
2304617
2478654
2478655
2485221
2485222
2487724
2487725
2500544
2500545
2509152
2516502
2529445
2529474
2555550
2560287
2560293
2560366
2560578
2560579
2560598
2560626
2560644
2560695
2560696
2560697
2560698
2560699
2560822
2563826
2563857
2592486
2592492
2592493
2592494
2592516
2592518
2592520
2592521
2598441
2600333
2600334
2600335
2600336
2600337
2600348
2602416
2614061
2650411
2651930
2651931
2663245
2682606
2682608
2691036
2697056
2707536
2707537
2707538
2707539
2707540
2707541
2723667
2730968
2734519
2734520
2734521
2734523
2734524
2734525
2734526
2734527
2734528
2734529
2734530
2734531
2734532
2734533
2734534
2734535
2734536
2734537
2734538
2734539
2734541
2734543
2734544
2734545
2734546
2734547
2734548
2734549
2734550
2734551
2734552
2734553
2734554
2734555
2748306
2748307
2748308
2749421
2749859
2749860
2754858
2755032
2757769
2757770
2757771
2757772
2757773
2757774
2757775
2757776
2757777
2757778
2757779
2757780
2757781
2757782
2757783
2757784
2757785
2757786
2757787
2757788
2757789
2757790
2757792
2758095
2758106
2758287
2758288
2758289
2758290
2758291
2758292
2758293
2758294
2758295
2758296
2758297
2758298
2758299
2758300
2758975
2758976
2758977
2758978
2758979
2758980
2758981
2759410
2759411
2759412
2759413
2759414
2759415
2759416
2759418
2759419
2759484
2759496
2760809
2760810
2760811
2760812
2760813
2760818
2760819
2760820
2760843
2760895
2762502
2763913
2763914
2764087
2764088
2766974
2766975
2766976
2767033
2767034
2767258
2768763
2768764
2768765
2772501
2772502
2772503
2773286
2773290
2773291
2773292
2773293
2773315
2773316
2773317
2773318
2773319
2776924
2776963
2776964
2776965
2776966
2777131
2777132
2777133
2777134
2777135
2777136
2777137
2777138
2777139
2777140
2777141
2777143
2777144
2777145
2777146
2777147
2779843
2779845
2779847
2779848
2779849
2779852
2779853
2779854
2779855
2779856
2779857
2780018
2780019
2780020
2780021
2788019
2788034
2788076
2788094
2788109
2788117
2788221
2788260
2788262
2788373
2788389
2788407
2788412
2788418
2788441
2788453
2788454
2788489
2788494
2788511
2788549
2788583
2788606
2788661
2793986
2796355
2801048
2801049
2803188
2803559
2803560
2803561
2803562
2803563
2803582
2804202
2807758
2809149
2809150
2809153
2809155
2809172
2809206
2809315
2809343
2809402
2809412
2809443
2809444
2809476
2809508
2809527
2809534
2809560
2809571
2809583
2809627
2809641
2809650
2809654
2809798
2809819
2809829
2809836
2809851
2809855
2809923
2813186
2813192
2813197
2813200
2813201
2813204
2816940
2816941
2816942
2817032
2818450
2819086
2819851
2819852
2819853
2829137
2831042
2831043
2831044
2831045
2831046
2832211
2832212
2832213
2832214
2832245
2832246
2832247
2832257
2840077
2840078
2843898
2844057
2844283
2844787
2845514
2845574
2845616
2845784
2846013
2846037
2846578
2847040
2847050
2847051
2847052
2847076
2847077
2847266
2847267
2847270
2847280
2847281
2847791
2847792
2847793
2847794
2847795
2847796
2847817
2847829
2847830
2847831
2847832
2847848
2847994
2848021
2848022
2848023
2848024
2848025
2848036
2848043
2848077
2848078
2848079
2848132
2848134
2848851
2849101
2849102
2849103
2849104
2849105
2849125
2849475
2849479
2849512
2849593
2849595
2849624
2849707
2849712
2849713
2849728
2849729
2853199
2854795
2855390
2859902
2870348
2870349
2870350
2870351
2870353
2870354
2870355
2870356
2870357
2870358
2870359
2870360
2870363
2870364
2870365
2870366
2870367
2870368
2870369
2870370
2870371
2870373
2870375
2870377
2870378
2870379
2870380
2870381
2870382
2870383
2870384
2870386
2870387
2870388
2870389
2870393
2870394
2870395
2870396
2870397
2870399
2870400
2870401
2870402
2870404
2871093
2871195
2871196
2871654
2871655
2872638
2874388
2878086
2880957
2881402
2884179
2890963
2893980
2898536
2901268
2901325
2902641
2902768
2902769
2902788
2904734
2904735
2904736
2904737
2904738
2904739
2904740
2904741
2904742
2904743
2904744
2904745
2904746
2904747
2904748
2904749
2904750
2904751
2904752
2904753
2904754
2904755
2904756
2904757
2904758
2904759
2904760
2905572
2905573
2909748
2913031
2915136
2917179
2917180
2917181
2917255
2917256
2917257
2917258
2917290
2917292
2917293
2917294
2917295
2917314
2917315
2917317
2919018
2919019
2919880
2933249
2933250
2933251
2933255
2933256
2933257
2933258
2933259
2937009
2937010
2937011
2938350
2939386
2940117
2940118
2940912
2940913
2940914
2940915
2940916
2940917
2940918
2940919
2940920
2940921
2940922
2940923
2940924
2940925
2941479
2946039
2946040
2946041
2946042
2946043
2946044
2946045
2946046
2946047
2946048
2946049
2946050
2946051
2946052
2946053
2946054
2950737
2950804
2950805
2951494
2951495
2951496
2951497
2951498
2951499
2951500
2951501
2951879
2952018
2952019
2952020
2952021
2952022
2952023
2952024
2959992
2959993
2960224
2960417
2961775
2961780
2962603
2962604
2969585
2969589
2969593
2969594
2970602
2970608
2971301
2971770
2971795
2972305
2972306
2975512
2980397
2980576
2981589
2986276
2986443
2987487
2996207
2996208
2996209
2996210
2996211
2996212
2996213
2996214
2996215
2996216
2996217
2996218
2996219
2996220
2996221
2996228
3003810
3019276
3020234
3020235
3020236
3020237
3020238
3020239
3020240
3020241
3022086
3023698
3027771
3029008
3029009
3029710
3029711
3038091
3038167
3038584
3038585
3038586
3038587
3038626
3038630
3038631
3038638
3038640
3038643
3038644
3038648
3038993
3038994
3038995
3038996
3038997
3038998
3038999
3039000
3039001
3039002
3039003
3039004
3039005
3039006
3039150
3042449
3044250
3044251
3044256
3044257
3044260
3044261
3044264
3045328
3063761
3065074
3065435
3067656
3067871
3067872
3067873
3067874
3067886
3067887
3067888
3067889
3067890
3067891
3067892
3067893
3067895
3067896
3067898
3068447
3068690
3068691
3068806
3070930
3071093
3071229
3071230
3085107
3085108
3085323
3092269
3093751
3095302
3095303
3095304
3095307
3096544
3106068
3108407
3108408
3108409
3108410
3108411
3108412
3108413
3108414
3115137
3115367
3115558
3117542
3117543
3118125
3118733
3118735
3120770
3120771
3121208
3121209
3122336
3126012
3128412
3128413
3128420
3128421
3128422
3128427
3128428
3128429
3128430
3128431
3128432
3128433
3128441
3132065
3138856
3138857
3138858
3138859
3138878
3138879
3139583
3139614
3139616
3144108
3144109
3144112
3144114
3144120
3144124
3144125
3145025
3153942
3153943
3155980
3155981
3155982
3163392
3231082
3237980
3237983
3237984
3241303
3241304
3242812
3242813
3349358
3349362
3350144
3367791
3367792
3367793
3374244
3378599
3386089
3386090
3386091
3386106
3386107
3386108
3386111
3386112
3386113
3386114
3386115
3386116
3386129
3386130
3386131
3386132
3386152
3386158
3386164
3386171
3386190
3386194
3386195
3386317
3393935
3399459
3399461
3399462
3399463
3399465
3399467
3400661
3400668
3400672
3402189
3407641
3411706
3411708
3411709
3411712
3412974
3413223
3413224
3413225
3413228
3413229
3421116
3426398
3426399
3426400
3426401
3426547
3426555
3426556
3426557
3427556
3427557
3427559
3427669
3427727
3427728
3427729
3427730
3427731
3427732
3428094
3428095
3428096
3428097
3428098
3428107
3428122
3428123
3428184
3428295
3428296
3428299
3428300
3428500
3428501
3428502
3428503
3428504
3428505
3428506
3428507
3428508
3428509
3428510
3428511
3428512
3428513
3428514
3428567
3428654
3428777
3428778
3428779
3428780
3428781
3428782
3428903
3429111
3429112
3429113
3429114
3429188
3429195
3429213
3429214
3429215
3429216
3429217
3429218
3429219
3429220
3429868
3430303
3430304
3430305
3430401
3430402
3430403
3430404
3430414
3430512
3430609
3430610
3430672
3430779
3430780
3430781
3430782
3430783
3430893
3430894
3430895
3430896
3430897
3430961
3430962
3430968
3430983
3431260
3431352
3431353
3431354
3431395
3431396
3431397
3431398
3431399
3431400
3431402
3431404
3431405
3431517
3431562
3431563
3431717
3431864
3431865
3432034
3432090
3432091
3432092
3432093
3432126
3432127
3432128
3432130
3432187
3432189
3432190
3432191
3432235
3432241
3432263
3432264
3432442
3432655
3432768
3432769
3432912
3432973
3432977
3432978
3433007
3433008
3434956
3434957
3434958
3434959
3434960
3434961
3439505
3450416
3450417
3450418
3450419
3450420
3451443
3453667
3462432
3467446
3467447
3467448
3467449
3467450
