12196
12197
12198
12199
12200
12201
12202
12203
12204
12205
12206
12207
12208
12209
12210
12211
12212
12213
12214
12215
12216
12217
12218
12219
12220
12221
12222
12223
12224
12225
12226
12227
12228
12229
12230
12232
12233
12465
12466
12844
28352
28353
29271
29276
31728
31729
31730
31731
31732
31733
31734
31735
31736
31737
31738
31739
31741
31742
31743
32619
32620
32621
32622
32623
32624
33763
33764
33765
35282
35284
35285
36395
36396
37780
39114
40640
40666
41459
41460
41763
41764
42004
42631
43130
43240
45661
46076
46619
46917
48200
48201
48460
48982
52280
52610
53954
55517
57745
59500
60596
62059
62060
66702
70134
71439
73423
73840
75448
75746
79917
82847
87097
91613
101281
103899
103900
103901
103926
103927
103931
104389
104390
104391
104392
104393
104637
111427
112436
112437
114891
114892
114921
114922
114923
115232
117128
117129
117130
117131
117132
117138
117139
118656
118657
122280
128818
129732
137475
137758
145665
146500
146501
148358
148359
148360
152006
157018
157019
157837
160358
160842
160843
164751
167129
168135
171230
178599
185017
185237
186187
186373
186642
186643
187977
187978
189819
189820
190503
192452
198128
201862
204073
204478
206392
212424
215844
218282
221262
225962
228731
241651
243560
244050
255066
255330
256591
256827
258471
259538
260374
260375
263363
263792
265123
270478
282712
282713
290031
291286
299200
300942
302274
302838
302839
302840
303160
304193
304890
307437
307794
307795
307997
310680
317288
317626
317653
317718
317719
317720
320856
322053
322836
323118
326202
329048
332470
332471
333047
336009
336010
336011
336012
336013
336639
341110
341111
341112
341113
341167
349684
369752
369762
373398
373859
377449
380045
390237
390849
394036
397543
397544
400394
400395
400396
404428
405558
407054
407055
409486
409912
409945
412097
414528
418827
421010
421011
421012
421013
424679
424680
429130
430059
431317
431615
433357
433462
436007
443746
444180
447331
453050
454642
454757
456390
457561
459305
459306
459307
459308
459309
459310
460363
460364
471359
483269
487155
495309
495310
500578
510517
511614
511615
515446
515575
519498
521257
522268
525153
529811
551003
555058
555249
560227
565624
570831
573615
578107
587197
588752
590742
590743
595466
596956
596957
598671
652104
652105
652106
660581
662879
674908
676676
678595
680459
682867
682868
682869
686949
693419
698880
706497
715480
741977
742822
763077
763999
796352
861561
867160
869192
930881
931971
937587
945960
946046
980521
980522
980523
980524
980525
980526
980527
980528
980529
980530
980531
980532
980533
980534
980535
980536
980537
980538
980539
980540
980541
980542
980543
980544
981403
984918
994384
994385
1034886
1046301
1048434
1072517
1075093
1080799
1093901
1096808
1105028
1107954
1107955
1141919
1143703
1143712
1143715
1143716
1167623
1176153
1188990
1198144
1198147
1220025
1233096
1233167
1234808
1239452
1268253
1285466
1286212
1289472
1324128
1331977
1331985
1331989
1340535
1345716
1367398
1403565
1406816
1414644
1450663
1505219
1506186
1522180
1548920
1548921
1551380
1551381
1551382
1608851
1670600
1675556
1679239
1688637
1775963
1792583
1796097
1802845
1820045
1856031
1859135
1862127
1886606
1888953
1890365
1922832
1932718
1945774
1955171
1959287
1963260
1965011
1965012
1965013
1965014
1965015
1965016
1972994
1982660
1987403
1993639
1993907
2005044
2005218
2005445
2018310
2018311
2018312
2018313
2021186
2025020
2033580
2056161
2058396
2058620
2070152
2136283
2170132
2170135
2170240
2170423
2175329
2212477
2230887
2233870
2283642
2292651
2293720
2294149
2306623
2306727
2315363
2320870
2339254
2364130
2490442
2491019
2491951
2494332
2494552
2555645
2560391
2560840
2562807
2570407
2571123
2571231
2571232
2583574
2591696
2592527
2592528
2592541
2593924
2593925
2593926
2593927
2593928
2593929
2608606
2653432
2654997
2662309
2681589
2683328
2692092
2695358
2709777
2715709
2715710
2715711
2715712
2716187
2729572
2730579
2734556
2738905
2738906
2738907
2739243
2739244
2739374
2739375
2739386
2740138
2740139
2740142
2740143
2740144
2741658
2742702
2742703
2744503
2744803
2744804
2749442
2749443
2749444
2753665
2755144
2760003
2760840
2767805
2767806
2767807
2775266
2788027
2788492
2788516
2793283
2793794
2809541
2810133
2820912
2822849
2831606
2835561
2835562
2835563
2836143
2836379
2838134
2861249
2861250
2862336
2871166
2873962
2910304
2919932
2933148
2933149
2933187
2950843
2950844
2950875
2950878
2951733
2956331
2956332
2956333
2956334
2956335
2963833
2977532
2985437
2989486
2991854
2995439
3002894
3019935
3022013
3022131
3022815
3022816
3025885
3025886
3031198
3041211
3042374
3042735
3049469
3052058
3060176
3060643
3060644
3060645
3060646
3060647
3060648
3063767
3070159
3071213
3071225
3074207
3079056
3080959
3095439
3117548
3120613
3123104
3134922
3135312
3138021
3144867
3158382
3233121
3233362
3240462
3240463
3240464
3240465
3240466
3240467
3240468
3240469
3240470
3240471
3240472
3240473
3240474
3240475
3240476
3240477
3240478
3240479
3240480
3240481
3240482
3240483
3240484
3240485
3240486
3240487
3240488
3240489
3240490
3240491
3240492
3240493
3240494
3240495
3240496
3240497
3240498
3240499
3240500
3240501
3240502
3240503
3240504
3240505
3240506
3240507
3240508
3240510
3240511
3240512
3240513
3240514
3240515
3240516
3240517
3240518
3240519
3240520
3240522
3240523
3240524
3240525
3240526
3240527
3240528
3240529
3240530
3240531
3240532
3240533
3240534
3240535
3240536
3240537
3240538
3240539
3240540
3240541
3240542
3240543
3240544
3240545
3240546
3240548
3240549
3240550
3240551
3240552
3240553
3240554
3240555
3240556
3240557
3240558
3240559
3240560
3240561
3240562
3240563
3240564
3240565
3240566
3240567
3240568
3240569
3240570
3240571
3240573
3240574
3240575
3240576
3240577
3240578
3240579
3240580
3240581
3240582
3240583
3240584
3240585
3240587
3240588
3240589
3240590
3240591
3240592
3240593
3240594
3240595
3240596
3240597
3240598
3240599
3240600
3240601
3240602
3240603
3240604
3240605
3240606
3240607
3240608
3240609
3240610
3240611
3240612
3240613
3240614
3240615
3240616
3240617
3240618
3240619
3240620
3240621
3240622
3240623
3240624
3240625
3240626
3240627
3240628
3240629
3240630
3240631
3240632
3240633
3240634
3240635
3240636
3240637
3240638
3240639
3240640
3240641
3240642
3240643
3240644
3240645
3240646
3240722
3240744
3240745
3344769
3349103
3349104
3349105
3349106
3366669
3367521
3369149
3369150
3369151
3369152
3379141
3380469
3381912
3381915
3382660
3386032
3395889
3400326
3402310
3404699
3405460
3409901
3409902
3426441
3426442
3427429
3427602
3427663
3427664
3427665
3427666
3427667
3427668
3427840
3429977
3429978
3429979
3429980
3429981
3429982
3429983
3430565
3430566
3430567
3430568
3430569
3430570
3430571
3430572
3431659
3431660
3431713
3431714
3431715
3431867
3431868
3431869
3431870
3431871
3431872
3431873
3431874
3432205
3432206
3432217
3432218
3432219
3432998
3432999
3433000
3433001
3433002
3433003
3459864
3463860
3463861
3463862
3463863
