10893
10894
10895
10897
10900
10903
10904
10905
10906
10907
10910
10913
10915
10916
10917
10918
10919
10921
10922
10923
10925
10926
10927
10928
10929
10931
10933
10934
10935
10937
10939
10941
10942
10943
10944
10946
10947
10948
10949
10950
10951
10952
10953
10954
10955
10956
10957
10958
10959
10960
10961
10962
10963
10967
10968
10970
10971
10978
10986
10987
10991
12578
12584
12647
12705
28326
28327
28875
28876
28877
31562
31563
31564
31565
31566
31567
31568
31569
31570
31571
31574
31577
31578
31579
31580
31581
31583
31587
31588
31589
31590
31591
31595
33714
33716
33717
33718
33719
33720
33721
33722
33723
35327
35328
35329
35330
35331
35332
35333
35334
35336
35337
36421
36422
36423
36424
36427
36432
36433
36434
36435
36436
36439
36440
36441
36442
36443
37136
37137
37324
39009
39010
39011
39012
39013
40050
40051
40052
40053
40054
40056
40057
40058
40059
40060
40061
40062
40064
40065
40067
40068
42567
44572
45029
45030
45031
45032
45408
47465
48295
48539
49892
53963
53964
53965
53973
53974
53975
53976
53977
53978
53979
53980
53981
53982
57202
57726
61856
69831
70865
71031
72132
72133
72134
72135
72136
72137
72138
72139
72140
73034
73036
75918
76590
76591
76592
77204
77763
79064
79065
79694
79951
79952
79953
79954
79955
80340
86059
86060
86061
86062
94432
94966
94967
96046
101350
101351
101352
101353
101355
101357
101358
101359
101360
101361
101362
101363
104580
104581
104624
104625
104626
105502
105503
105505
105506
106330
107263
108087
108088
108089
108090
108091
108092
108093
111609
117204
121794
139395
141265
141270
142803
142804
142805
142806
148357
161239
171615
173527
180231
183403
183405
183407
188762
195475
195476
195477
195478
195480
195481
195700
195701
195702
197780
197781
199303
199304
199305
200684
200685
200686
201490
201491
201492
201493
201494
201495
201496
201497
204269
204519
204932
215680
225976
237917
238099
238100
238101
238102
238103
238845
240592
246280
248909
248910
248911
248912
248913
248914
248915
263595
263596
263598
263599
267783
267784
273810
285002
285262
285418
285419
285420
285421
285422
285423
285424
288891
290254
290255
290541
290542
290543
290544
290547
292226
293396
295016
306276
308418
308425
334591
335100
335102
335103
338781
348136
355314
356494
356862
359942
370529
370531
370532
370533
370534
370535
374507
375192
380389
380390
380901
384363
391897
397542
401074
407256
407257
407258
407259
407260
407261
408598
408599
411854
411855
416557
416558
418976
419438
420252
429343
444184
444185
444186
449126
449133
449134
449135
449136
449137
449138
449139
449140
449141
449142
449582
450149
458267
458269
458270
458271
458272
458273
458274
458275
458276
458277
458278
458279
458280
458281
458282
458283
458284
458285
458286
458287
458288
458682
460769
464979
468917
468918
468919
468920
471094
478084
481538
481539
486186
486187
487321
487322
487323
487324
487325
487326
487327
487328
487329
487330
487331
487332
487333
487334
487335
487336
487337
487338
487339
487340
490291
490292
490293
490294
490295
490296
490297
490298
490299
492506
492507
492508
492509
492511
492519
498924
500113
500114
500115
500116
500117
500118
500119
500120
500121
500122
500123
500124
500125
500126
500127
500128
500129
500130
500131
500132
500133
500134
500135
500136
500137
500138
500139
500140
500141
516714
517110
517111
517112
517113
517114
517115
517116
517305
517306
517307
517308
517309
517310
517311
517312
517313
517314
517315
517316
517317
517318
523177
523819
526523
526791
526792
526793
526794
526795
526796
526797
526798
526799
526800
526801
526802
526803
526804
526805
526806
526807
526808
526809
526810
529827
529828
529829
529830
529831
529832
529833
529834
529835
529836
529837
529838
529839
531927
531928
544571
545676
552809
556181
557232
557241
557242
557243
557245
557247
559180
560613
560626
561309
566029
571648
571650
572153
573013
573014
573015
573016
573017
573018
573019
573020
573021
573022
573023
574984
574985
578827
578828
578829
578830
578831
578832
578834
578837
578838
578839
578840
578841
578842
578843
584719
584720
587025
595217
626344
626345
626346
626776
638275
638276
638279
638280
638281
638284
638285
638286
638287
638288
638299
639242
639243
639244
639245
639246
639247
639248
639249
639250
639251
639252
639253
639254
639255
639256
639257
639258
639259
639260
639261
639262
639263
639264
639265
639266
639267
639268
639269
639270
639271
639272
639273
639274
639275
639276
639277
639278
639279
639280
639281
641312
641313
641314
641315
641316
641317
641318
641319
641320
641321
641322
641323
641324
641325
641326
641327
641328
641329
641330
641331
641332
641333
641334
641335
641336
641337
641338
641339
641340
641341
641342
641343
641344
641345
641346
641347
641348
641349
641350
641351
641352
641353
641354
641355
641356
641357
641358
641359
641360
641361
641362
641363
641364
644773
648171
649596
649604
650120
652649
652664
661052
661053
661054
661055
661056
661057
661058
661059
661060
661061
661062
661063
661064
661065
661066
661067
661068
661069
661070
661071
661072
661073
661074
661075
661076
661077
661078
661079
661080
661081
661082
661083
661084
661085
662783
663244
663245
663246
663247
663248
663249
663250
663251
663252
663253
663254
663255
663256
663257
663258
663259
664644
664646
664658
666965
666966
666967
666968
666969
666970
670785
670786
670787
670788
670791
670792
672377
679019
684594
684595
684596
684597
684598
686136
686137
686138
686139
686140
686141
686142
686143
686144
686145
686146
686147
686148
686149
686150
686151
686152
686153
686154
686155
686156
686157
686158
686159
686160
686161
686162
686163
686164
686165
686166
686167
686168
686169
686170
686171
686172
686173
686174
686175
686176
686177
686178
686179
686180
686181
686182
686183
686184
686185
686186
686187
686188
686189
686190
686191
686192
686193
686194
693632
697298
697618
697619
697620
697621
697622
697623
697624
697625
697626
703409
705080
713932
713933
713934
713935
713936
713937
713938
713939
713940
713941
713942
713943
713944
713945
713946
713947
713948
743493
743954
743956
743957
743958
743959
743962
746014
748549
748550
748551
749226
756068
756069
756070
756071
756990
756991
756992
756993
756994
756995
756996
756997
756998
756999
757000
757001
757002
757003
757004
757005
757006
757007
757008
757009
757010
757011
757012
757013
757014
757015
757016
757017
757018
757019
757020
757021
757022
757023
757024
757025
757426
758889
758890
758891
758892
758893
758894
758895
758896
758897
758898
758899
758900
758901
758902
758903
758904
758905
758906
758907
758908
758909
758910
758911
758912
758913
758914
758915
861458
861460
861461
861462
861463
861465
861466
861467
861468
861469
861470
861471
861472
861473
861474
861475
862167
862168
862169
862170
862171
862172
862173
862174
862175
862176
862177
862178
862179
862180
862181
862182
862183
864623
864624
879549
879550
879551
879552
879553
879654
881913
881914
882803
882804
882805
882806
882807
882808
882809
882810
884200
889085
889086
889087
889089
889090
889091
889095
889096
889097
889098
889505
889506
889507
905850
905851
905852
905853
905854
905855
905856
905857
905858
905859
905860
905861
905862
905863
905864
905865
905866
905867
905868
905869
905870
905871
905872
905873
905874
905875
905876
905877
905878
905879
905880
905881
905882
905883
905884
905885
905886
905887
905888
905889
905890
905891
905892
908872
908873
909629
909630
909631
909632
909633
909634
909635
909636
909637
909638
909639
909640
909641
909642
909643
909644
909645
909646
909647
909648
909649
909650
909651
909652
909653
909654
910402
912116
915344
931249
948989
948990
948991
980090
980091
980092
980093
980094
980172
980173
980174
980175
980176
980177
980178
981017
981018
981019
981020
984283
984284
984285
984286
984287
984288
984289
984290
984291
993362
994994
994995
999466
999467
1004793
1004794
1004795
1004796
1004797
1004798
1004799
1004800
1004801
1004802
1004803
1004804
1004805
1004806
1004807
1004808
1004809
1004810
1004811
1004812
1004813
1004814
1004815
1004816
1004817
1004818
1004819
1004820
1004821
1004822
1004823
1004824
1004825
1004826
1004827
1004828
1004829
1004830
1004831
1004832
1004833
1004834
1004835
1004837
1004838
1004839
1004840
1004841
1004842
1004843
1004844
1004845
1004846
1004847
1004848
1004849
1004850
1004851
1004852
1004853
1004854
1004855
1004856
1004857
1004858
1004859
1004860
1004861
1004862
1004863
1004864
1004865
1004866
1004867
1004868
1004869
1004870
1004871
1004872
1004873
1004874
1004875
1004876
1004877
1004878
1004879
1004880
1004881
1004882
1004883
1004884
1004885
1004886
1004887
1004888
1004941
1004942
1004943
1004944
1004945
1004946
1046565
1049161
1052888
1052889
1052890
1055980
1056489
1056490
1068803
1073965
1074898
1074899
1074900
1074901
1077208
1077209
1077210
1077211
1077212
1077213
1092561
1092562
1092563
1094386
1094387
1094388
1094389
1127358
1127359
1127360
1127361
1127362
1127363
1127364
1129874
1129875
1129876
1129877
1129878
1129879
1129880
1129881
1129882
1129883
1129884
1133023
1133024
1133025
1133026
1133027
1133028
1146934
1146935
1146936
1148771
1159000
1159001
1159002
1159003
1168245
1168246
1168247
1168248
1168249
1168250
1168251
1168252
1168253
1168254
1168255
1168256
1168257
1168258
1168259
1168260
1168261
1168262
1168263
1168264
1168265
1168266
1168267
1168268
1168269
1168270
1168271
1168272
1168273
1168274
1168275
1168276
1168277
1168278
1168279
1169008
1169009
1169010
1169011
1169012
1169013
1169014
1169015
1169016
1169017
1169018
1169019
1169020
1169021
1170505
1170506
1179678
1179680
1179682
1182522
1182523
1182524
1182525
1182526
1182527
1182528
1182925
1184768
1184769
1184770
1184771
1184772
1184773
1184774
1184775
1184776
1184777
1184778
1184779
1184780
1184781
1184782
1184783
1184784
1184785
1184786
1184787
1184788
1184789
1184790
1184791
1184792
1184795
1184796
1184797
1184798
1187994
1187998
1193386
1193387
1193388
1193389
1193390
1193391
1193392
1193393
1193395
1193396
1193397
1193398
1193399
1193401
1204230
1204231
1211016
1211017
1211018
1211019
1211020
1211021
1211022
1231331
1260938
1265591
1271534
1271535
1289939
1302698
1302699
1302700
1302701
1302702
1302703
1304751
1307161
1307162
1307163
1307164
1307165
1307166
1307167
1307168
1307169
1307170
1307505
1307506
1307507
1307508
1307509
1307510
1307511
1307512
1307513
1307514
1307515
1307516
1325459
1325460
1327767
1337059
1340801
1348384
1349389
1386847
1394871
1399970
1408137
1416744
1417760
1420855
1424309
1428763
1435294
1452757
1452758
1454883
1454884
1454885
1454886
1454887
1454888
1454889
1454890
1454891
1454892
1454893
1454894
1454895
1454896
1454897
1454898
1454899
1454900
1454901
1454902
1454903
1454904
1454905
1454906
1454907
1459045
1459046
1459047
1459048
1459051
1460005
1461285
1461286
1461287
1461288
1461289
1461290
1461291
1461292
1461293
1461294
1461295
1461296
1461297
1461298
1461299
1461300
1461301
1461302
1461303
1461304
1461305
1461306
1461307
1461308
1461309
1461310
1461311
1461312
1461313
1461314
1471048
1481391
1484570
1484571
1496075
1517611
1517612
1517613
1517614
1517615
1517616
1517617
1517618
1517619
1517620
1517621
1517622
1517623
1517624
1517625
1517626
1517627
1517628
1517629
1517630
1517631
1517632
1517633
1517634
1517635
1517636
1517637
1517638
1517639
1517640
1517641
1517642
1517643
1517644
1517645
1537146
1560372
1561066
1562054
1565588
1565589
1565590
1565591
1597962
1604860
1637496
1679172
1688638
1692107
1699092
1717206
1766829
1784940
1784941
1784942
1784943
1784944
1795042
1811230
1835655
1835656
1835657
1835658
1835659
1835660
1842895
1853202
1882325
1882326
1882327
1882328
1882329
1882330
1882331
1882332
1882333
1882334
1882335
1882336
1882337
1882338
1894991
1894992
1894993
1894994
1894995
1894996
1894997
1906931
1906934
1907161
1925745
1929964
1930308
1933901
1935387
1954144
1954145
1955493
1963252
1973200
1973201
1973202
1973203
1973204
1973205
1973206
1973207
1973208
1973209
1977310
1977311
2017707
2021315
2021316
2021317
2021318
2021319
2021320
2021321
2021322
2026602
2026603
2040590
2040591
2051936
2116447
2116448
2116449
2169484
2212774
2282480
2306813
2488682
2496360
2498144
2529470
2529471
2547355
2547356
2547357
2547358
2560014
2580110
2580111
2580112
2580113
2580114
2580115
2592519
2592522
2663720
2682575
2682576
2720191
2720399
2729576
2751881
2751882
2751883
2760744
2776788
2776789
2776959
2789658
2798292
2798293
2809846
2841875
2851139
2865370
2865371
2893985
2895619
2899249
2900470
2900471
2915137
2933670
2933671
2933672
2933673
2936961
2961163
2961164
2985555
2998222
3020197
3020198
3020199
3020262
3020263
3020264
3025059
3065879
3068445
3068448
3068449
3068450
3068788
3068789
3072949
3083431
3083449
3084650
3084670
3084671
3084677
3084898
3084899
3084918
3095306
3095313
3122505
3129116
3129303
3129356
3139506
3139545
3139546
3139547
3139548
3139549
3139550
3143561
3159471
3159472
3159473
3159474
3159475
3240447
3241299
3241300
3349313
3349352
3378286
3386100
3386101
3386102
3386103
3386104
3386105
3386121
3386122
3386123
3386124
3386125
3386126
3386127
3386128
3386144
3386145
3399468
3411710
3411711
3424593
3427733
3427734
3428104
3428105
3428106
3430880
3431237
3431238
3431239
3431240
3431241
3431242
3431243
3431244
3431245
3431246
3431247
3431248
3431249
3431250
3431251
3431252
3431253
3431255
3431256
3431257
3431664
3431665
3431666
3432193
3432194
3432195
3432196
3432197
3432198
3432199
3432200
3432201
3432202
3432203
3458754
