2786000
2786164
2786175
2786236
2786297
2786353
2786382
2786383
2786385
2786434
2786435
2786474
2786482
2786499
2786508
2786524
2786525
2786550
2786551
2786564
2786585
2786586
2786588
2786629
2786634
2786635
2786636
2786637
2786638
2786658
2786834
2843672
2843692
2844083
2844086
2844154
2844270
2844277
2844278
2844832
2845012
2845013
2845014
2845015
2845016
2845017
2845028
2845565
2845610
2845611
2845698
2845702
2845990
2845991
2845992
2846190
2846440
2846454
2846585
2846595
2846620
2846665
2852641
2852643
2852722
2852908
2853016
2970017
2970236
2970237
2970238
2970239
2970240
3428653
3433079
3433080
3433081
3433298
3433311
3433312
3433313
3433314
3433315
3433316
3433317
3433318
3433319
3433320
3433321
3433322
3433323
3433324
3433325
3433326
3433331
3433332
3433336
3433344
3433428
3433430
3433432
3433436
3433441
3433442
3433443
3433448
3433450
3433451
3433476
3433477
3433484
3433508
3433516
3433517
