767473
2785998
2785999
2786007
2786009
2786011
2786013
2786014
2786016
2786017
2786018
2786019
2786020
2786021
2786022
2786025
2786026
2786027
2786028
2786029
2786032
2786033
2786034
2786035
2786036
2786037
2786038
2786039
2786040
2786041
2786042
2786043
2786044
2786045
2786046
2786049
2786050
2786051
2786052
2786057
2786058
2786060
2786061
2786064
2786066
2786067
2786069
2786070
2786075
2786076
2786077
2786078
2786079
2786080
2786082
2786084
2786085
2786086
2786088
2786091
2786092
2786093
2786094
2786095
2786096
2786097
2786103
2786104
2786105
2786106
2786108
2786114
2786115
2786116
2786117
2786118
2786120
2786121
2786123
2786124
2786125
2786126
2786127
2786128
2786129
2786130
2786131
2786132
2786134
2786136
2786141
2786142
2786143
2786146
2786147
2786148
2786149
2786150
2786153
2786154
2786155
2786156
2786158
2786160
2786163
2786165
2786166
2786167
2786168
2786169
2786172
2786174
2786176
2786177
2786178
2786179
2786186
2786187
2786188
2786189
2786190
2786191
2786192
2786193
2786194
2786195
2786196
2786197
2786198
2786200
2786201
2786203
2786205
2786206
2786207
2786208
2786209
2786212
2786213
2786214
2786216
2786217
2786219
2786220
2786221
2786222
2786223
2786226
2786228
2786229
2786230
2786231
2786235
2786237
2786238
2786239
2786241
2786243
2786245
2786247
2786248
2786249
2786254
2786256
2786257
2786258
2786260
2786261
2786262
2786263
2786264
2786265
2786266
2786269
2786271
2786273
2786274
2786275
2786277
2786279
2786283
2786284
2786285
2786286
2786287
2786288
2786289
2786291
2786293
2786294
2786295
2786298
2786300
2786303
2786304
2786305
2786306
2786307
2786309
2786311
2786312
2786314
2786316
2786318
2786319
2786321
2786322
2786323
2786324
2786325
2786326
2786327
2786328
2786330
2786331
2786333
2786335
2786337
2786339
2786340
2786341
2786342
2786343
2786344
2786345
2786346
2786347
2786348
2786349
2786350
2786351
2786356
2786357
2786358
2786359
2786360
2786361
2786362
2786364
2786365
2786367
2786368
2786369
2786370
2786373
2786374
2786375
2786389
2786393
2786394
2786405
2786406
2786419
2786420
2786421
2786430
2786436
2786437
2786438
2786442
2786443
2786448
2786449
2786450
2786456
2786457
2786458
2786460
2786461
2786462
2786463
2786464
2786465
2786466
2786481
2786483
2786490
2786491
2786494
2786495
2786496
2786500
2786501
2786502
2786505
2786509
2786510
2786511
2786526
2786527
2786528
2786542
2786543
2786544
2786545
2786546
2786552
2786590
2786591
2786592
2786593
2786594
2786595
2786596
2786597
2786599
2786600
2786609
2786610
2786611
2786617
2786639
2786640
2786641
2786660
2786661
2786662
2786670
2786675
2786676
2786677
2786678
2786679
2786692
2786693
2786711
2786712
2786713
2786714
2786715
2786716
2786717
2786729
2786731
2786739
2786740
2786741
2786751
2786752
2786754
2786755
2786756
2786758
2786759
2786760
2786761
2786762
2786763
2786764
2786767
2786770
2786772
2786773
2786774
2786775
2786776
2786777
2786780
2786782
2786783
2786784
2786785
2786786
2786788
2786790
2786791
2786792
2786793
2786794
2786795
2786796
2786797
2786798
2786799
2786800
2786801
2786802
2786803
2786804
2786805
2786807
2786810
2786812
2786813
2786814
2786817
2786820
2786822
2786823
2786824
2786826
2786827
2786828
2786829
2786830
2786832
2786833
2786835
2786836
2786837
2786838
2786839
2786840
2786841
2786842
2786843
2786845
2786846
2786847
2786848
2786850
2786851
2814354
2843482
2843613
2843614
2843615
2843619
2843644
2843659
2843660
2843661
2843662
2843663
2843664
2843665
2843666
2843667
2843668
2843698
2843699
2843700
2843707
2843708
2843709
2843710
2843711
2843712
2843713
2843714
2843715
2843716
2843717
2843719
2843720
2843737
2843797
2843798
2843799
2843800
2843801
2843802
2843803
2843804
2843805
2843806
2843807
2843808
2843809
2843810
2843811
2843812
2843813
2843814
2843815
2843816
2843817
2843818
2843819
2843820
2843821
2843822
2843823
2843824
2843825
2843826
2843827
2843828
2843836
2843837
2843842
2843843
2843844
2843845
2843883
2843900
2843903
2843918
2843922
2843923
2843942
2843945
2843965
2843994
2843995
2843996
2844013
2844041
2844042
2844043
2844044
2844045
2844046
2844047
2844048
2844093
2844117
2844118
2844160
2844161
2844274
2844275
2844280
2844282
2844302
2844303
2844305
2844306
2844312
2844405
2844408
2844409
2844649
2844651
2844652
2844689
2844690
2844691
2844692
2844693
2844694
2844695
2844696
2844697
2844698
2844699
2844700
2844701
2844702
2844703
2844704
2844705
2844706
2844707
2844708
2844709
2844710
2844711
2844712
2844713
2844714
2844715
2844716
2844717
2844718
2844719
2844720
2844721
2844722
2844723
2844724
2844725
2844726
2844727
2844728
2844729
2844730
2844731
2844732
2844733
2844734
2844735
2844736
2844737
2844738
2844739
2844740
2844741
2844742
2844743
2844744
2844745
2844746
2844747
2844748
2844749
2844750
2844751
2844752
2844753
2844754
2844755
2844756
2844757
2844758
2844759
2844760
2844761
2844762
2844763
2844764
2844765
2844766
2844767
2844768
2844769
2844770
2844771
2844772
2844773
2844774
2844775
2844776
2844777
2844778
2844779
2844780
2844781
2844782
2844783
2844784
2844790
2844791
2844792
2844793
2844794
2844795
2844796
2844797
2844810
2844825
2844826
2844837
2844838
2844839
2844840
2844841
2844842
2844843
2844844
2844845
2844846
2844847
2844848
2844849
2844850
2844851
2844852
2844853
2844970
2844971
2844972
2844973
2844974
2844975
2844976
2844977
2844978
2844985
2844986
2844988
2844989
2845025
2845031
2845040
2845041
2845042
2845043
2845047
2845048
2845049
2845050
2845051
2845052
2845053
2845054
2845055
2845066
2845070
2845122
2845123
2845483
2845484
2845485
2845486
2845487
2845488
2845489
2845490
2845510
2845512
2845513
2845532
2845535
2845536
2845537
2845544
2845545
2845546
2845547
2845552
2845553
2845558
2845559
2845585
2845607
2845615
2845627
2845628
2845629
2845632
2845633
2845634
2845635
2845674
2845682
2845683
2845697
2845753
2845768
2845801
2845838
2845853
2845854
2845855
2845861
2845867
2845972
2845979
2845980
2845981
2845982
2845983
2845984
2845985
2845989
2845993
2845994
2845995
2845996
2845997
2845998
2845999
2846000
2846001
2846002
2846003
2846004
2846005
2846006
2846007
2846008
2846009
2846010
2846011
2846066
2846067
2846068
2846170
2846187
2846188
2846226
2846236
2846241
2846384
2846385
2846386
2846387
2846412
2846413
2846416
2846417
2846424
2846428
2846430
2846431
2846432
2846433
2846438
2846445
2846449
2846450
2846581
2846583
2846584
2846596
2846597
2846610
2846625
2846626
2846627
2846628
2846629
2846630
2846631
2846632
2846633
2846634
2846635
2846636
2846637
2846638
2846639
2846640
2846641
2846642
2846643
2846644
2846645
2846646
2846647
2846648
2846649
2846650
2846651
2846652
2846653
2846654
2846655
2846656
2846663
2846685
2846699
2846700
2846701
2852122
2852160
2852164
2852199
2852273
2852377
2852387
2852406
2852547
2852640
2852665
2852682
2852689
2852768
2852813
2852836
2852851
2852878
2853017
2941089
2970235
2970241
2970242
2970243
2970244
2970245
3029012
3029013
3029014
3029015
3029016
3029017
3029018
3029019
3240111
3426017
3426018
3426019
3426020
3426021
3426022
3426023
3426024
3426025
3426026
3426027
3426028
3426029
3426030
3426031
3426032
3426033
3426034
3426035
3426036
3426037
3426038
3426039
3426040
3426041
3426042
3426044
3426048
3426049
3426050
3426051
3426052
3426053
3426055
3426056
3426058
3426059
3426060
3426061
3426062
3426063
3426064
3426065
3426066
3426067
3426068
3426327
3426502
3426596
3427115
3427116
3427444
3427447
3427452
3427454
3427455
3427456
3427457
3427462
3427464
3427465
3427479
3427488
3427520
3427534
3427610
3427611
3427612
3427613
3427614
3427645
3427646
3427661
3427834
3427942
3427998
3428180
3428181
3428320
3428443
3428444
3428445
3428864
3428982
3428985
3428986
3428987
3428988
3429034
3429035
3429037
3429038
3429039
3429041
3429042
3429043
3429044
3429045
3429048
3429049
3429050
3429051
3429052
3429053
3429055
3429056
3429057
3429058
3429059
3429060
3429061
3429062
3429063
3429064
3429065
3429066
3429067
3429120
3429121
3429122
3429123
3429124
3429125
3429164
3429165
3429166
3429167
3429168
3429169
3429170
3429180
3429181
3429236
3429237
3429238
3429241
3429242
3429243
3429244
3429245
3429249
3429250
3429251
3429252
3429253
3429257
3429290
3429292
3429293
3429294
3429295
3429296
3429297
3429340
3429341
3429342
3429343
3429374
3429375
3429376
3429377
3429378
3429419
3429420
3429421
3429422
3429423
3429424
3429425
3429426
3429429
3429431
3429433
3429434
3429435
3429436
3429437
3429438
3429445
3429446
3429447
3429448
3429449
3429450
3429451
3429452
3429453
3429454
3429455
3429463
3429468
3429469
3429470
3429471
3429472
3429474
3429485
3429489
3429490
3429492
3429494
3429496
3429497
3429498
3429506
3429514
3429529
3429530
3429531
3429532
3429533
3429534
3429535
3429536
3429537
3429538
3429539
3429540
3429541
3429542
3429543
3429544
3429545
3429546
3429547
3429548
3429549
3429550
3429551
3429552
3429553
3429554
3429555
3429556
3429557
3429558
3429559
3429560
3429561
3429562
3429563
3429564
3429565
3429570
3429574
3429575
3429576
3429577
3429578
3429579
3429580
3429581
3429582
3429583
3429584
3429585
3429586
3429587
3429588
3429593
3429594
3429595
3429596
3429597
3429598
3429599
3429600
3429601
3429602
3429603
3429604
3429610
3429611
3429612
3429613
3429614
3429615
3429616
3429617
3429618
3429619
3429620
3429621
3429622
3429623
3429624
3429625
3429626
3429627
3429628
3429629
3429630
3429631
3429632
3429633
3429634
3429635
3429691
3429692
3429693
3429694
3429742
3429743
3429744
3429745
3429755
3429768
3429825
3429826
3429827
3429828
3429829
3429830
3429831
3429832
3429833
3429842
3429843
3429844
3429845
3430172
3430173
3430174
3430175
3430176
3430177
3430178
3430199
3430222
3430223
3430224
3430225
3430226
3430374
3430375
3430376
3430377
3430379
3430380
3430381
3430383
3430384
3430407
3430413
3430427
3430449
3430450
3430451
3430453
3430454
3430455
3430456
3430457
3430458
3430459
3430460
3430461
3430462
3430463
3430465
3430523
3430524
3430525
3430526
3430527
3430528
3430529
3430532
3430548
3431204
3431213
3431538
3431539
3431892
3432029
3432030
3432214
3432227
3432378
3432421
3432601
3432602
3432603
3432616
3432642
3432810
3432811
3432812
3432813
3432814
3432815
3432816
3432817
3432818
3432820
3432821
3432822
3432823
3432824
3432825
3432826
3432827
3432828
3432832
3432833
3432834
3432835
3432838
3432839
3432840
3432841
3432842
3432843
3432844
3433043
3433050
3433328
3433330
3433439
3433445
3433506
3433509
3433510
3433511
3433521
3433545
3433546
3433547
3433548
3433549
3433550
3433552
3433553
3433554
3433555
3433556
3433557
3433558
3433560
3433561
