11986
11987
11988
12037
12039
12041
12049
12054
12055
12056
12138
12142
12143
12144
12145
12146
12147
12267
12268
12627
28348
31711
31724
35280
35291
39443
40279
44562
45224
47669
47736
47740
52274
53181
60714
68033
70155
70156
70157
70158
70159
77344
106518
135756
135757
136138
137555
137556
146762
165432
167018
167019
167020
167021
167947
184020
190059
190060
191031
193120
196375
197112
199361
204928
208084
208086
224578
229149
254711
255520
255521
255587
270255
270256
270257
283876
295090
330381
334425
336861
352882
354348
354350
368617
369917
394775
445227
473783
473784
474454
479060
535898
574298
578361
652109
652110
652111
652597
652599
676234
882210
943272
944580
944581
944582
944583
1005060
1048240
1196824
1196825
1196826
1291658
1304862
1352510
1352511
1397274
1421055
1435450
1522282
1538549
1594461
1636508
1676985
1725329
1817526
1862686
1883104
1884832
1912598
1913126
1913127
1913128
1930269
1939642
1950126
1960886
1960887
2006498
2021212
2021902
2021903
2021904
2021905
2021906
2029515
2045498
2054409
2067994
2100815
2169981
2169984
2169985
2169986
2169987
2169988
2170412
2170544
2201470
2217872
2231770
2231771
2283799
2290808
2293880
2293881
2301725
2304214
2304516
2315813
2499248
2499249
2499250
2499251
2499252
2499253
2518104
2560401
2560614
2576477
2583950
2592008
2600346
2605762
2665437
2665438
2684439
2692073
2692074
2692406
2695367
2695368
2709737
2709738
2716733
2716734
2716735
2734354
2735224
2735225
2735226
2735963
2738459
2738912
2739248
2739376
2739377
2739378
2739382
2739383
2739384
2739385
2739640
2739772
2739778
2740140
2741665
2741666
2741667
2743115
2743116
2743117
2743118
2743119
2743120
2743121
2743122
2743123
2743147
2743148
2744814
2746236
2746237
2754852
2754853
2754854
2754864
2758939
2767025
2767260
2768088
2770118
2770119
2779319
2784749
2788020
2788055
2788072
2788244
2788391
2788683
2788756
2788761
2788762
2789384
2789423
2795382
2796562
2796563
2796564
2796565
2796566
2802943
2802944
2802945
2802946
2802947
2802948
2804712
2809135
2809187
2809192
2809233
2809289
2809290
2809415
2809538
2809782
2809803
2809915
2813966
2814341
2814342
2814343
2814344
2822551
2822552
2822553
2822554
2822555
2822556
2822557
2822558
2822559
2822577
2822578
2822933
2822934
2832225
2832226
2832227
2832228
2832229
2832230
2858882
2859897
2864009
2864021
2870555
2874415
2874416
2874417
2874418
2874419
2874420
2875818
2875819
2875820
2875821
2877436
2879910
2881183
2886240
2893573
2899250
2900476
2901270
2902938
2902939
2902940
2902941
2902942
2902943
2903076
2903077
2903078
2903079
2905482
2905483
2905484
2905485
2905486
2905487
2905488
2905489
2905490
2905491
2905594
2905595
2908239
2916412
2916442
2921230
2929639
2929640
2933171
2933248
2933730
2935736
2940819
2940820
2940821
2940822
2940823
2940824
2940825
2941394
2941395
2941396
2941397
2941398
2941399
2941400
2941401
2941402
2941403
2941404
2941405
2941406
2941407
2941408
2941409
2941410
2941411
2941412
2941413
2941414
2941415
2941416
2941417
2941418
2941419
2941420
2941421
2941422
2941423
2941424
2941425
2941426
2941427
2941428
2941429
2941430
2941431
2941432
2941433
2941434
2941435
2941436
2941437
2941438
2941439
2941440
2941441
2941442
2941443
2941444
2941445
2941446
2941447
2941448
2941449
2941450
2941451
2941452
2941453
2941454
2941455
2941456
2941457
2946070
2946071
2946072
2950834
2950835
2950838
2950839
2950841
2950848
2950853
2950866
2950867
2950868
2950887
2956541
2956542
2961918
2963366
2970220
2970221
2970222
2970223
2970224
2970228
2970229
2970230
2970231
2970232
2970363
2970558
2970559
2970560
2970561
2970562
2970563
2970564
2970565
2970566
2970567
2970908
2972341
2972342
2972912
2972913
2973836
2973981
2974072
2974073
2976301
2976322
2976693
2983971
2992034
2992035
3003342
3013107
3015213
3015214
3015533
3022092
3022093
3022094
3022095
3022814
3022883
3023607
3034127
3047347
3047364
3047372
3047380
3047676
3047679
3047717
3047724
3047727
3047728
3047729
3047730
3047731
3047760
3047766
3047772
3047778
3047779
3047780
3047788
3047819
3047820
3047821
3047830
3047836
3047838
3047844
3047859
3047863
3047948
3047954
3048157
3048159
3048160
3048161
3048178
3048182
3048190
3048191
3048193
3048200
3048207
3048217
3048219
3048224
3048227
3048230
3048232
3048236
3048242
3048246
3048247
3048250
3048254
3048255
3048256
3048257
3048258
3048259
3048263
3048283
3048286
3048295
3048301
3048302
3048310
3048317
3048322
3048325
3048351
3048361
3048366
3048367
3048368
3048369
3048374
3048437
3048454
3050303
3051535
3051699
3051700
3051701
3052284
3052290
3052291
3052292
3052293
3052294
3052295
3056370
3058117
3058118
3058119
3058120
3058122
3062997
3063014
3063016
3063019
3063022
3063028
3063029
3063030
3063034
3063036
3063042
3063043
3063045
3063053
3063054
3063059
3063062
3063070
3063079
3063091
3063109
3063111
3063115
3063119
3063124
3063133
3063215
3063217
3063226
3063255
3063280
3063287
3063348
3063373
3069600
3070845
3071807
3072961
3073126
3073993
3076933
3076934
3076935
3077393
3077394
3077395
3077439
3077857
3079864
3081044
3081046
3081047
3081048
3108547
3113823
3113824
3113825
3117547
3123108
3129340
3129343
3129349
3129399
3129404
3129411
3129412
3129446
3129517
3129552
3129570
3129637
3129714
3129811
3129854
3130020
3130030
3130068
3130072
3130175
3130202
3130230
3130273
3130274
3130295
3130327
3130330
3130335
3130354
3130359
3130381
3130390
3130418
3130421
3130430
3130437
3130460
3130473
3130477
3130488
3130512
3130523
3130537
3130581
3130624
3130631
3130675
3130684
3130700
3130709
3130767
3130771
3130784
3130791
3130811
3130815
3130817
3130828
3130829
3130839
3130853
3130857
3130865
3130881
3130892
3130899
3130919
3130920
3130931
3130951
3130953
3130957
3130976
3130977
3130986
3130987
3131017
3131039
3131044
3131046
3131067
3131070
3131085
3131088
3131109
3131110
3131114
3131125
3131137
3131142
3131231
3131261
3131264
3131270
3131293
3131298
3131304
3131314
3131324
3131344
3131359
3131381
3131414
3131417
3131472
3131487
3131488
3131506
3131558
3131576
3131595
3131603
3131615
3131643
3131650
3131662
3131670
3131673
3131700
3131720
3131742
3131743
3131786
3131792
3131868
3131872
3131901
3131989
3131990
3132544
3132570
3132571
3132575
3135651
3163391
3233122
3233123
3233124
3234285
3239316
3240689
3240690
3240691
3240692
3240693
3315614
3343739
3343740
3344938
3347757
3347758
3347759
3347760
3347761
3347762
3347763
3347764
3347765
3347766
3347767
3347768
3347769
3347770
3347771
3347772
3347773
3347774
3347775
3347776
3347777
3347778
3347779
3347780
3347781
3347782
3347783
3347784
3347785
3347786
3347787
3347788
3347789
3347790
3347791
3347792
3347793
3347794
3347795
3347796
3347797
3347798
3347799
3347800
3347801
3347802
3347803
3347804
3347805
3347806
3347807
3347808
3347809
3347810
3347811
3347812
3347813
3347814
3347815
3347816
3347817
3347818
3347819
3347820
3347821
3347822
3347823
3347824
3347825
3347826
3347827
3347828
3347829
3347830
3347831
3347832
3347833
3347834
3347835
3347836
3347837
3347838
3347839
3347840
3347841
3347842
3347843
3347844
3347845
3347846
3347847
3347848
3347849
3347850
3347851
3347852
3347853
3347854
3347855
3347856
3347857
3347858
3347859
3347860
3347861
3347862
3347863
3347864
3347865
3347866
3347867
3347868
3347869
3347870
3347871
3347872
3347873
3347874
3347875
3347876
3347877
3347878
3347879
3347880
3347881
3347882
3347883
3347884
3347885
3347886
3347887
3347888
3347889
3347890
3347891
3347892
3347893
3347894
3347895
3347896
3347897
3347898
3347899
3347900
3347901
3347902
3347903
3347904
3347905
3347906
3347907
3347908
3347909
3347910
3347911
3347912
3347913
3347914
3347915
3347916
3347917
3347918
3347919
3347920
3347921
3347922
3347923
3347924
3347925
3347926
3347927
3347928
3347929
3347930
3347931
3347932
3347933
3347934
3347935
3347936
3347937
3347938
3347939
3347940
3347941
3347942
3347943
3347944
3347945
3347946
3347947
3347948
3347949
3347950
3347951
3347952
3347953
3347955
3347956
3347957
3347958
3347959
3347960
3347961
3347962
3347963
3347964
3347965
3347966
3347967
3347968
3347969
3347970
3347971
3347972
3347973
3347974
3347975
3347976
3347977
3347978
3347979
3347980
3347981
3347982
3347983
3347984
3347985
3347986
3347987
3347988
3347989
3347990
3347991
3347992
3347993
3347994
3347995
3347996
3347997
3347998
3347999
3348000
3348001
3348002
3348003
3348004
3348005
3348006
3348007
3348008
3348009
3348010
3348011
3348012
3348013
3348014
3348015
3348016
3348017
3348018
3348019
3348020
3348021
3348022
3348023
3348024
3348025
3348026
3348027
3348028
3348029
3348030
3348031
3348032
3348033
3348034
3348035
3348036
3348037
3348038
3348039
3348040
3348041
3348042
3348043
3348044
3348045
3348046
3348047
3348048
3348049
3348050
3348051
3348052
3348053
3348054
3348055
3348056
3348057
3348058
3348059
3348060
3348061
3348062
3348063
3348064
3348065
3348066
3348067
3348068
3348069
3348070
3348071
3348072
3348073
3348074
3348075
3348076
3348077
3348078
3348079
3348080
3348081
3348082
3348083
3348084
3348085
3348086
3348087
3348088
3348089
3348090
3348091
3348092
3348093
3348094
3348095
3348096
3348097
3348098
3348099
3348100
3348101
3348102
3348103
3348104
3348105
3348106
3348107
3348108
3348109
3348110
3348111
3348112
3348113
3348114
3348115
3348116
3348117
3348118
3348119
3348120
3348121
3348122
3348123
3348124
3348125
3348126
3348127
3348128
3348129
3348130
3348131
3348132
3348133
3348134
3348135
3348136
3348137
3348138
3348139
3348140
3348141
3348142
3348143
3348144
3348145
3348146
3348147
3348148
3348149
3348150
3348151
3348152
3348153
3348154
3348155
3348156
3348157
3348158
3348159
3348160
3348161
3348162
3348163
3348164
3348165
3348166
3348167
3348168
3348169
3348170
3348171
3349107
3366656
3371287
3377603
3387415
3399456
3399457
3402095
3402096
3402118
3402744
3405461
3410110
3414161
3414927
3417445
3418192
3430539
3430564
3446372
3446373
3446843
3447095
3448432
3454103
3454116
3457548
